,0,1,2,3,4,c_m,o_m,c_c,c_h,c_o,o_h,5,6,7,8,9,10,11,12,13,14,15,16,17,18,19,20,21,22,23,24,25,26,27,28,29,30,31,32,33,34,35,36,37,38,39,40,41,42,43,44,45,46,47,48,49,50,51,52,53,54,55,56,57,58,59,60,61,62,63,64,65,66,67,68,69,70,71,72,73,74,75,76,77,78,79,80,81,82,83,84,85,86,87,88,89,90,91,92,93,94,95,96,97,98,99,100,101,102,103,104,105,106,107,108,109,110,111,112,113,114,115,116,117,118,119,120,121,122,123,124,125,126,127,128,129,130,131,132,133,134,135,136,137,138,139,140,141,142,143,144,145,146,147,148,149,150,151,152,153,154,155,156,157,158,159,160,161,162,163,164
0,Pd,CH2C,4.8039,0.6121,2.134,2,0,1,2,0,0,7.056011812531664,0.0,0.0,3.8363999096678834,3.8286535527144188,0.1254192217921069,0.1251218111582876,0.0,0.0,0.0,0.0,0.0,0.0,0.0,0.0,0.0,0.0,0.0,0.0,0.0,0.0,0.0,0.0,0.0,0.0,0.0,0.0,1.3691098047368382,1.366061061883936,1.0566604431592423,0.6288568912875997,0.12355415377161873,0.12254101731152438,0.06192668022413625,0.0590281521883355,0.058268370417521476,0.03912424065598967,0.03793706575833864,0.029671064876983913,0.02956007886270604,0.02911364280284858,0.002164944999297338,0.002087080617851133,0.0020734302822183366,0.0,0.0,0.0,0.0,0.0,0.0,0.0,0.0,0.0,0.0,0.0,0.0,0.0,0.0,0.0,0.0,0.0,0.0,0.0,0.0,0.0,0.0,0.0,0.0,0.0,0.0,0.0,0.0,0.0,0.0,0.0,0.0,0.0,0.0,0.0,0.0,0.0,0.0,0.0,0.0,0.0,0.0,0.0,0.0,0.0,0.0,0.0,0.0,0.0,0.0,0.0,0.0,0.0,0.0,0.0,0.0,0.0,0.0,0.0,0.0,0.0,0.0,0.0,0.0,0.0,0.0,0.0,0.0,0.0,0.0,0.0,0.0,0.0,0.0,0.0,0.0,0.0,0.0,0.0,0.0,0.0,0.0,0.0,0.0,0.0,0.0,0.0,0.0,0.0,0.0,0.0,0.0,0.0,0.0,0.0,0.0,0.0,0.0,0.0,0.0,0.0,0.0,0.0,0.0,0.0,0.0,0.0,0.0,0.0,0.0,0.0,0.0,0.0,0.0,0.0,0.0
1,Pd,CH2CH,4.8039,0.6121,2.134,2,0,1,3,0,0,5.646445326481106,0.0,0.0,3.7110570542985286,3.710846610726286,3.6721933768457538,0.11970969896884735,0.11914866844660266,0.1020884617234774,0.0,0.0,0.0,0.0,0.0,0.0,0.0,0.0,0.0,0.0,0.0,0.0,0.0,0.0,0.0,0.0,0.0,0.0,1.1556654955992665,1.1473381374476743,1.0208872534828195,0.2868680674047216,0.18547006978778052,0.18113657167683195,0.10524196887424664,0.051884084750705065,0.04861641941973337,0.02434180680597041,0.023804212632954697,0.01759754694585246,0.016533239107432384,0.015856586298781634,0.009548594545620731,0.009287836952723314,0.005570635902021954,0.005437469065137972,0.00029629433003606695,0.00012662670986312435,0.0,0.0,0.0,0.0,0.0,0.0,0.0,0.0,0.0,0.0,0.0,0.0,0.0,0.0,0.0,0.0,0.0,0.0,0.0,0.0,0.0,0.0,0.0,0.0,0.0,0.0,0.0,0.0,0.0,0.0,0.0,0.0,0.0,0.0,0.0,0.0,0.0,0.0,0.0,0.0,0.0,0.0,0.0,0.0,0.0,0.0,0.0,0.0,0.0,0.0,0.0,0.0,0.0,0.0,0.0,0.0,0.0,0.0,0.0,0.0,0.0,0.0,0.0,0.0,0.0,0.0,0.0,0.0,0.0,0.0,0.0,0.0,0.0,0.0,0.0,0.0,0.0,0.0,0.0,0.0,0.0,0.0,0.0,0.0,0.0,0.0,0.0,0.0,0.0,0.0,0.0,0.0,0.0,0.0,0.0,0.0,0.0,0.0,0.0,0.0,0.0,0.0,0.0,0.0,0.0,0.0,0.0,0.0,0.0,0.0,0.0,0.0,0.0
2,Pd,CH2CH2,4.8039,0.6121,2.134,2,0,1,4,0,0,5.727456956791102,0.0,0.0,3.803021765884712,3.78872859109284,3.7841860821947093,3.777479449463866,0.121141299116643,0.12113915045529053,0.12082758285344675,0.12065262186086588,0.0,0.0,0.0,0.0,0.0,0.0,0.0,0.0,0.0,0.0,0.0,0.0,0.0,0.0,0.0,0.0,0.9092720547167616,0.9082762190079184,0.17254442585076593,0.17129105035369774,0.07720913965168064,0.07546338179889055,0.06577085352481694,0.06473439704282744,0.027435664447427142,0.02702605765759649,0.022959406721405742,0.022409510498723254,0.0129941163875124,0.0,0.0,0.0,0.0,0.0,0.0,0.0,0.0,0.0,0.0,0.0,0.0,0.0,0.0,0.0,0.0,0.0,0.0,0.0,0.0,0.0,0.0,0.0,0.0,0.0,0.0,0.0,0.0,0.0,0.0,0.0,0.0,0.0,0.0,0.0,0.0,0.0,0.0,0.0,0.0,0.0,0.0,0.0,0.0,0.0,0.0,0.0,0.0,0.0,0.0,0.0,0.0,0.0,0.0,0.0,0.0,0.0,0.0,0.0,0.0,0.0,0.0,0.0,0.0,0.0,0.0,0.0,0.0,0.0,0.0,0.0,0.0,0.0,0.0,0.0,0.0,0.0,0.0,0.0,0.0,0.0,0.0,0.0,0.0,0.0,0.0,0.0,0.0,0.0,0.0,0.0,0.0,0.0,0.0,0.0,0.0,0.0,0.0,0.0,0.0,0.0,0.0,0.0,0.0,0.0,0.0,0.0,0.0,0.0,0.0,0.0,0.0,0.0,0.0,0.0,0.0,0.0,0.0,0.0,0.0
3,Pd,CH2CHCO,4.8039,0.6121,2.134,3,1,2,3,1,0,5.81590157045742,5.503916547784732,0.3251893540041361,3.834274271977357,3.781854178409335,3.7492233552290237,0.12788036382770487,0.12170444546907708,0.1206780509451885,0.11429314075961006,0.03218173838646654,0.00854650837080835,0.0,0.0,0.0,0.0,0.0,0.0,0.0,0.0,0.0,15.610739565613633,0.540116433701357,0.047883174581828336,0.0,0.0,0.0,1.1195463045696297,0.9499232974846012,0.7096287667890757,0.6731429935809583,0.30362156040777605,0.21254520935010607,0.15890113341895098,0.1270202762442095,0.08877876850904166,0.07494988298248766,0.05749708114086932,0.049123286918870364,0.04056324677089232,0.035253953927251475,0.028271643556912564,0.025499366596553896,0.021223290191878345,0.010548721777053805,0.008928699595204979,0.007707734239966461,0.005338823802991778,0.004576880471696809,0.003269984280408481,0.0029224809982648856,0.0025426862792529425,0.0008087511113703849,0.0,0.0,0.0,0.0,0.0,0.0,0.0,0.0,0.0,0.0,0.0,0.0,0.0,0.0,0.0,0.0,0.0,0.0,0.0,0.0,0.0,0.0,0.0,0.0,0.0,0.0,0.0,0.0,0.0,0.0,0.0,0.0,0.0,0.0,0.0,0.0,0.0,0.0,0.0,0.0,0.0,0.0,0.0,0.0,0.0,0.0,0.049458033378326736,0.005140778848517392,0.0,0.0,0.0,0.0,0.0,0.0,0.0,0.0,0.0,0.0,0.0,0.8544809883881479,0.2557794520658667,0.17336889904115185,0.07333181431215584,0.042931440654072686,0.0,0.0,0.0,0.0,0.0,0.0,0.0,0.0,0.0,0.0,0.0,0.0,0.0,0.0,0.0,0.0,0.0,0.0,0.0,0.0,0.0,0.0,0.0,0.0,0.0,0.0,0.0,0.0,0.0,0.0,0.0,0.0,0.0,0.0,0.0,0.0,0.0,0.0,0.0,0.0,0.0,0.0,0.0
4,Pd,CH2CHCOOH,4.8039,0.6121,2.134,2,0,2,3,2,1,5.531892425373241,5.253374251499176,0.3551079814577742,3.833780083615143,3.811880886165397,3.782004315468008,0.2436875357383252,0.12468803806614773,0.12267377261461128,0.12098977611484416,0.11681423880359774,0.04555164406118504,0.01477140681672299,0.0101946562181417,0.000653139389582104,0.0,0.0,0.0,0.0,0.0,0.0,15.746428873977804,10.488047218025187,0.6185398308417963,0.5588769578098406,0.1988684063496856,0.05140220813034205,0.9649009721309388,0.8089347731934651,0.2467505963963415,0.1740804779246272,0.16118058662514462,0.12883098092734305,0.08595019842447514,0.0796904738318224,0.07319183679652502,0.07156007583456851,0.06638546239364891,0.028328649973273626,0.024159247435437986,0.01780939503265386,0.01375142323322338,0.010196930892546531,0.0006578412202236443,0.0,0.0,0.0,0.0,0.0,0.0,0.0,0.0,0.0,0.0,0.0,0.0,0.0,0.0,0.0,0.0,0.0,0.0,0.0,0.0,0.0,0.0,0.0,0.0,0.0,0.0,0.0,0.0,0.0,0.0,0.0,0.0,0.0,0.0,0.0,0.0,0.0,0.0,0.0,0.0,0.0,0.0,0.0,0.0,0.0,0.0,0.0,0.0,0.0,0.0,0.0,0.0,0.0,0.0,0.0,8.826268393413669,0.1221225881023358,0.07824272843088602,0.061307016026025035,0.015282539585126157,0.005389193972509202,0.0039177914322215904,0.0009534864876935095,0.0,0.0,0.0,0.0,1.0383726244775522,0.659893734066561,0.14871546459626905,0.11381129491449915,0.076744752405894,0.0729318743935414,0.062292869355792535,0.03281800835380865,0.03095838542343978,0.019706431609886263,0.010711124775019449,0.008534876125019228,0.0,0.0,0.0,0.0,0.0,0.0,0.0,0.0,0.0,0.0,0.0,0.0,0.0,0.0,0.0,0.0,0.0,0.0,0.0,0.0,0.0,0.0,0.0,0.0,0.0,0.0,0.0,0.0,0.0,0.0,0.0,0.0,0.0,0.0,0.0,0.0,0.0
5,Pd,CH3C,4.8039,0.6121,2.134,1,0,1,3,0,0,4.913569923484029,0.0,0.0,3.705558868190912,3.7010892373096587,3.690332970330609,0.13190702839894802,0.13080225946184768,0.1297669324959657,0.0,0.0,0.0,0.0,0.0,0.0,0.0,0.0,0.0,0.0,0.0,0.0,0.0,0.0,0.0,0.0,0.0,0.0,1.3343242950629832,1.3294193037952706,1.3248287565381116,0.12936464676781564,0.1268288805087407,0.124084945340698,0.05794530632468066,0.05669173788463855,0.055251187452557096,0.02667585544974517,0.02638601351779026,0.026157152961781584,0.008444210859879016,0.00733427909913684,0.006529062444875448,0.0018679802201015496,0.0017260884235922244,0.0016679861213319928,0.0014714624960653689,0.0014086803060029199,0.0,0.0,0.0,0.0,0.0,0.0,0.0,0.0,0.0,0.0,0.0,0.0,0.0,0.0,0.0,0.0,0.0,0.0,0.0,0.0,0.0,0.0,0.0,0.0,0.0,0.0,0.0,0.0,0.0,0.0,0.0,0.0,0.0,0.0,0.0,0.0,0.0,0.0,0.0,0.0,0.0,0.0,0.0,0.0,0.0,0.0,0.0,0.0,0.0,0.0,0.0,0.0,0.0,0.0,0.0,0.0,0.0,0.0,0.0,0.0,0.0,0.0,0.0,0.0,0.0,0.0,0.0,0.0,0.0,0.0,0.0,0.0,0.0,0.0,0.0,0.0,0.0,0.0,0.0,0.0,0.0,0.0,0.0,0.0,0.0,0.0,0.0,0.0,0.0,0.0,0.0,0.0,0.0,0.0,0.0,0.0,0.0,0.0,0.0,0.0,0.0,0.0,0.0,0.0,0.0,0.0,0.0,0.0,0.0,0.0,0.0,0.0,0.0
6,Pd,CH3CCO,4.8039,0.6121,2.134,2,0,2,3,1,0,5.592896390636972,4.595536504734418,0.32985373321683703,3.721603419957116,3.6927792654509455,3.6923392459752433,0.12777425132772585,0.12770630117373186,0.11961409253573438,0.032350920133361126,0.030512222826687706,0.008715729990034695,0.0,0.0,0.0,0.0,0.0,0.0,0.0,0.0,0.0,18.50239577436611,0.5063617080472432,0.15904691139873475,0.0,0.0,0.0,1.2263573958543417,1.1105411155981473,1.10293295271069,0.2374433788726067,0.23391316793719485,0.22158968632538345,0.12262593201939458,0.11988213934232475,0.11732001917545155,0.0876980217555923,0.06054872704332045,0.0531184033444512,0.022072554978508668,0.020511218769267238,0.02046013445286081,0.017383102647699624,0.016001130896059864,0.011151562049003649,0.011113132608369807,0.00847071152225986,0.008220312042914665,0.006508315147874082,0.0060663595753004855,0.0006248536835942523,0.0006170016780419999,0.0005495436917971573,0.0004328577320558517,0.0,0.0,0.0,0.0,0.0,0.0,0.0,0.0,0.0,0.0,0.0,0.0,0.0,0.0,0.0,0.0,0.0,0.0,0.0,0.0,0.0,0.0,0.0,0.0,0.0,0.0,0.0,0.0,0.0,0.0,0.0,0.0,0.0,0.0,0.0,0.0,0.0,0.0,0.0,0.0,0.0,0.0,0.0,0.0,0.0,0.02840987777850486,0.025152852311349404,0.0024568183962445423,0.0,0.0,0.0,0.0,0.0,0.0,0.0,0.0,0.0,0.0,0.27560950648967464,0.03709545741815451,0.032236731304844175,0.02524834250203677,0.017574758007408812,0.017427250302497088,0.014210181138452025,0.0,0.0,0.0,0.0,0.0,0.0,0.0,0.0,0.0,0.0,0.0,0.0,0.0,0.0,0.0,0.0,0.0,0.0,0.0,0.0,0.0,0.0,0.0,0.0,0.0,0.0,0.0,0.0,0.0,0.0,0.0,0.0,0.0,0.0,0.0,0.0,0.0,0.0,0.0,0.0,0.0
7,Pd,CH3CCOO,4.8039,0.6121,2.134,1,1,2,3,2,0,4.634553753238805,4.326689298598937,0.3413262143017477,3.709110735491029,3.689206126168362,3.414789459221513,0.12720843299249793,0.12690567929391164,0.10574313848644502,0.035396350378791665,0.03377598542597198,0.007798108115467053,0.0,0.0,0.0,0.0,0.0,0.0,0.0,0.0,0.0,16.924690961900648,12.241943910583618,0.6090310989635832,0.4993086453211997,0.3132089083533734,0.03978567078225543,1.07415922483076,1.0675544315422223,0.20267032139534816,0.17316975595394435,0.16078053122739988,0.15031502849884526,0.1431346100098894,0.1294216092597964,0.12867992843919895,0.11694733373833514,0.020290111444757505,0.017963124203739602,0.016600511212293275,0.014152962561353196,0.013839382797739646,0.011148739336760251,0.009725670670518344,0.0006762512844759697,0.00022175542008990787,0.00015235829535871492,0.00012326768668879243,0.0,0.0,0.0,0.0,0.0,0.0,0.0,0.0,0.0,0.0,0.0,0.0,0.0,0.0,0.0,0.0,0.0,0.0,0.0,0.0,0.0,0.0,0.0,0.0,0.0,0.0,0.0,0.0,0.0,0.0,0.0,0.0,0.0,0.0,0.0,0.0,0.0,0.0,0.0,0.0,0.0,0.0,0.0,0.0,0.0,0.0,0.0,0.0,0.0,0.0,0.0,0.060545597619052115,0.057554871647385965,0.005624940410462612,0.0035745696881487967,0.003296119305891034,0.0,0.0,0.0,0.0,0.0,0.0,0.0,1.1627092400396717,1.538191022917831,0.11519295603840896,0.11280982484784205,0.0846036044935744,0.07241249422389935,0.0672611983129735,0.06141689550477403,0.024221815642351343,0.021371883721217608,0.01855443756476276,0.0,0.0,0.0,0.0,0.0,0.0,0.0,0.0,0.0,0.0,0.0,0.0,0.0,0.0,0.0,0.0,0.0,0.0,0.0,0.0,0.0,0.0,0.0,0.0,0.0,0.0,0.0,0.0,0.0,0.0,0.0,0.0,0.0,0.0,0.0,0.0,0.0,0.0
8,Pd,CH3CCOOH,4.8039,0.6121,2.134,1,1,2,3,2,1,5.172037199507773,4.4996776479606915,0.3610088881693702,3.697495973142138,3.69723550507453,3.4859352191143245,0.2468533843381252,0.12266304785594842,0.12212138723437894,0.1087298009198078,0.03439164931179664,0.034231859677104265,0.014420686134430125,0.008589156040819277,0.006495546000410443,0.0,0.0,0.0,0.0,0.0,0.0,15.36527696737824,10.513387731218518,0.59340932997076,0.5167932117220978,0.3524737135739033,0.04339395322377165,1.0257210542430422,1.0167516350861618,0.18647450098310173,0.1740795434775711,0.1590552146138046,0.15551719876813694,0.1503663631782404,0.12517544741788614,0.12200400793672465,0.11080002174689534,0.019737723583060786,0.018732049573347013,0.017424832839639786,0.015977495537358454,0.015952301037346756,0.015076146829052376,0.014407079982916909,0.010025601730962928,0.00997979666618493,0.0016571275508194437,0.0,0.0,0.0,0.0,0.0,0.0,0.0,0.0,0.0,0.0,0.0,0.0,0.0,0.0,0.0,0.0,0.0,0.0,0.0,0.0,0.0,0.0,0.0,0.0,0.0,0.0,0.0,0.0,0.0,0.0,0.0,0.0,0.0,0.0,0.0,0.0,0.0,0.0,0.0,0.0,0.0,0.0,0.0,0.0,0.0,0.0,0.0,0.0,0.0,0.0,0.0,0.0,8.795054606493279,0.14451402387250373,0.06881712090531478,0.06403142689494569,0.006481562489309596,0.003943574319854738,0.0037091235116491453,0.0,0.0,0.0,0.0,0.0,1.1313220348369937,1.1262868248339808,0.10149521066519884,0.1009033841660048,0.06720690653365312,0.06536505780176449,0.021214713025789058,0.017241047779711426,0.011937094261671416,0.0,0.0,0.0,0.0,0.0,0.0,0.0,0.0,0.0,0.0,0.0,0.0,0.0,0.0,0.0,0.0,0.0,0.0,0.0,0.0,0.0,0.0,0.0,0.0,0.0,0.0,0.0,0.0,0.0,0.0,0.0,0.0,0.0,0.0,0.0,0.0,0.0,0.0,0.0,0.0
9,Pd,CH3CH,4.8039,0.6121,2.134,1,0,1,4,0,0,4.751537170989713,0.0,0.0,3.6856768915532405,3.6464048511131306,3.6452406253290888,3.536916412079927,0.13121593267950085,0.13110405106668435,0.1230220161543236,0.11511479105219607,0.0,0.0,0.0,0.0,0.0,0.0,0.0,0.0,0.0,0.0,0.0,0.0,0.0,0.0,0.0,0.0,1.1649889154959163,1.1639445722042876,0.2023898777968472,0.12923531943879607,0.12863599490132188,0.11761852261220733,0.09209840393083224,0.020856160292951162,0.02085605312817228,0.02057688786910498,0.01059112075528906,0.010569306321927586,0.00705059665308076,0.006946575657940303,0.005602869078455357,0.00020627693685175072,0.0,0.0,0.0,0.0,0.0,0.0,0.0,0.0,0.0,0.0,0.0,0.0,0.0,0.0,0.0,0.0,0.0,0.0,0.0,0.0,0.0,0.0,0.0,0.0,0.0,0.0,0.0,0.0,0.0,0.0,0.0,0.0,0.0,0.0,0.0,0.0,0.0,0.0,0.0,0.0,0.0,0.0,0.0,0.0,0.0,0.0,0.0,0.0,0.0,0.0,0.0,0.0,0.0,0.0,0.0,0.0,0.0,0.0,0.0,0.0,0.0,0.0,0.0,0.0,0.0,0.0,0.0,0.0,0.0,0.0,0.0,0.0,0.0,0.0,0.0,0.0,0.0,0.0,0.0,0.0,0.0,0.0,0.0,0.0,0.0,0.0,0.0,0.0,0.0,0.0,0.0,0.0,0.0,0.0,0.0,0.0,0.0,0.0,0.0,0.0,0.0,0.0,0.0,0.0,0.0,0.0,0.0,0.0,0.0,0.0,0.0,0.0,0.0,0.0,0.0,0.0,0.0
10,Pd,CH3CH2,4.8039,0.6121,2.134,1,0,1,5,0,0,4.6121929860167565,0.0,0.0,3.7313299193833784,3.7290405365099595,3.7064083657613685,3.6950898562207697,3.61146203201779,0.12814716256441622,0.11932508330824912,0.11924617447775952,0.11533637500867755,0.11505320391579145,0.0,0.0,0.0,0.0,0.0,0.0,0.0,0.0,0.0,0.0,0.0,0.0,0.0,0.0,1.0488687052341994,0.1479314722721468,0.07306149137369197,0.06459592628191015,0.052269911771709685,0.048020124934619636,0.0443939995099821,0.0422271153158884,0.04059824250962897,0.01051569066219354,0.0068343986532660135,0.0,0.0,0.0,0.0,0.0,0.0,0.0,0.0,0.0,0.0,0.0,0.0,0.0,0.0,0.0,0.0,0.0,0.0,0.0,0.0,0.0,0.0,0.0,0.0,0.0,0.0,0.0,0.0,0.0,0.0,0.0,0.0,0.0,0.0,0.0,0.0,0.0,0.0,0.0,0.0,0.0,0.0,0.0,0.0,0.0,0.0,0.0,0.0,0.0,0.0,0.0,0.0,0.0,0.0,0.0,0.0,0.0,0.0,0.0,0.0,0.0,0.0,0.0,0.0,0.0,0.0,0.0,0.0,0.0,0.0,0.0,0.0,0.0,0.0,0.0,0.0,0.0,0.0,0.0,0.0,0.0,0.0,0.0,0.0,0.0,0.0,0.0,0.0,0.0,0.0,0.0,0.0,0.0,0.0,0.0,0.0,0.0,0.0,0.0,0.0,0.0,0.0,0.0,0.0,0.0,0.0,0.0,0.0,0.0,0.0,0.0,0.0,0.0,0.0,0.0,0.0,0.0,0.0,0.0,0.0,0.0,0.0
11,Pd,CH3CH2CO,4.8039,0.6121,2.134,1,1,2,5,1,0,4.3103019417239885,4.256917740574356,0.30917161296339185,3.7780085581189655,3.756591115654987,3.7524900196049775,3.6593397087787856,3.6542463477304863,0.13882860854768395,0.12649803345926622,0.12456769598029688,0.11843474732322118,0.11842188894309323,0.11803503592565465,0.11658674968773165,0.03072257513210092,0.028577139921770613,0.008277221823797979,0.0,0.0,0.0,14.883757341897732,0.5626370800036512,0.18367886746590648,0.0,0.0,0.0,0.9533114629664082,0.9359147766086408,0.24563792480577065,0.13004489521008514,0.1171489970329158,0.0836723405494079,0.07936677208265676,0.027298253120496056,0.02277920443665436,0.02266780716712494,0.011915666022234357,0.008659930117334205,0.008019977261819983,0.007413880515521038,0.006055006581389962,0.003810095124773958,0.002450481011037991,0.002420956699766906,0.0006559931872236122,0.00039446155216936804,0.0,0.0,0.0,0.0,0.0,0.0,0.0,0.0,0.0,0.0,0.0,0.0,0.0,0.0,0.0,0.0,0.0,0.0,0.0,0.0,0.0,0.0,0.0,0.0,0.0,0.0,0.0,0.0,0.0,0.0,0.0,0.0,0.0,0.0,0.0,0.0,0.0,0.0,0.0,0.0,0.0,0.0,0.0,0.0,0.0,0.0,0.0,0.0,0.0,0.0,0.0,0.0,0.04825401479445754,0.046235262538764414,0.016544637357422724,0.016307947668834942,0.003664145311973975,0.0,0.0,0.0,0.0,0.0,0.0,0.0,0.0,1.0375960653714684,0.2786872858405822,0.2774621449365001,0.0632774703541552,0.06162579685189189,0.014543982648480903,0.0,0.0,0.0,0.0,0.0,0.0,0.0,0.0,0.0,0.0,0.0,0.0,0.0,0.0,0.0,0.0,0.0,0.0,0.0,0.0,0.0,0.0,0.0,0.0,0.0,0.0,0.0,0.0,0.0,0.0,0.0,0.0,0.0,0.0,0.0,0.0,0.0,0.0,0.0,0.0,0.0,0.0
12,Pd,CH3CH2COO,4.8039,0.6121,2.134,0,2,2,5,2,0,4.408661930213514,4.362388050635071,0.3031114567315124,3.767549960519781,3.764157751799497,3.7625259488341576,3.7074837720912144,3.6944830427276814,0.13933358552738892,0.1376651675618489,0.12344405404598152,0.1196244125945793,0.1195160739697117,0.11823733104326173,0.11749215658350255,0.02899284242190402,0.028712761247391427,0.008112714723447094,0.0,0.0,0.0,14.263480304143766,14.041379794618695,0.6143923121934969,0.5882017752972287,0.2725430416827705,0.041901973277961316,0.14277285382208374,0.13971005515871207,0.03742031953259668,0.0360611595718925,0.0024859102020456107,0.0018597448116957974,0.0,0.0,0.0,0.0,0.0,0.0,0.0,0.0,0.0,0.0,0.0,0.0,0.0,0.0,0.0,0.0,0.0,0.0,0.0,0.0,0.0,0.0,0.0,0.0,0.0,0.0,0.0,0.0,0.0,0.0,0.0,0.0,0.0,0.0,0.0,0.0,0.0,0.0,0.0,0.0,0.0,0.0,0.0,0.0,0.0,0.0,0.0,0.0,0.0,0.0,0.0,0.0,0.0,0.0,0.0,0.0,0.0,0.0,0.0,0.0,0.0,0.0,0.0,0.0,0.0,0.0,0.06495346624062293,0.06076932741735669,0.0500011806058559,0.04577908569710135,0.024752624889800425,0.02297057449736141,0.0051538604113156895,0.0032016076664053914,0.0030291931878147172,0.0,0.0,0.0,0.9923241762713484,1.2637664047979371,1.2501615630183502,0.11067478939131767,0.1062592106769519,0.07653690411159811,0.0765243003301325,0.0756393347357429,0.07449040122431826,0.05343652457297839,0.05190053981924021,0.05169663643456417,0.05093866623894032,0.042892927426101866,0.0,0.0,0.0,0.0,0.0,0.0,0.0,0.0,0.0,0.0,0.0,0.0,0.0,0.0,0.0,0.0,0.0,0.0,0.0,0.0,0.0,0.0,0.0,0.0,0.0,0.0,0.0,0.0,0.0,0.0,0.0,0.0,0.0,0.0,0.0
13,Pd,CH3CH2COOH,4.8039,0.6121,2.134,0,0,2,5,2,1,4.772422066937767,4.361959315441679,0.2975329599353363,3.7728894401983983,3.770123652746413,3.760245980335033,3.619309023240605,3.6054626262703033,0.2477115801234283,0.14813852657655374,0.14781526494262834,0.12626761357778754,0.11839197352992314,0.1182723772567386,0.11602582586557085,0.11577369293495066,0.02731177363471565,0.026994777000836214,0.013937735860877513,0.008263379254660988,0.00497865709526231,16.641957597539186,10.698570911997397,0.5788346719088646,0.5380076537284881,0.27464762655908875,0.03899243502678213,0.08507976706670886,0.0670670650062451,0.03468424677860246,0.014486318065304562,0.012756214269337148,0.009860195463044171,0.009123355943309864,0.005369957258214476,6.203922458830961e-05,0.0,0.0,0.0,0.0,0.0,0.0,0.0,0.0,0.0,0.0,0.0,0.0,0.0,0.0,0.0,0.0,0.0,0.0,0.0,0.0,0.0,0.0,0.0,0.0,0.0,0.0,0.0,0.0,0.0,0.0,0.0,0.0,0.0,0.0,0.0,0.0,0.0,0.0,0.0,0.0,0.0,0.0,0.0,0.0,0.0,0.0,0.0,0.0,0.0,0.0,0.0,0.0,0.0,0.0,0.0,0.0,0.0,0.0,0.0,0.0,0.0,0.0,0.0,8.767609080008484,0.13327275935536084,0.052665397150883066,0.052493193476965336,0.0481813199788006,0.04674798301358842,0.02297474264413283,0.022803351717273983,0.005208254136030082,0.0029289215901728595,0.0028997544068380308,0.0,1.1086715058372554,0.8114161636982851,0.06769521329245441,0.05723665551337659,0.04109070184778929,0.03431585823650265,0.028200944237655106,0.0,0.0,0.0,0.0,0.0,0.0,0.0,0.0,0.0,0.0,0.0,0.0,0.0,0.0,0.0,0.0,0.0,0.0,0.0,0.0,0.0,0.0,0.0,0.0,0.0,0.0,0.0,0.0,0.0,0.0,0.0,0.0,0.0,0.0,0.0,0.0,0.0,0.0,0.0,0.0,0.0,0.0
14,Pd,CH3CH3,4.8039,0.6121,2.134,0,0,1,6,0,0,4.366363903362329,0.0,0.0,3.753001688105423,3.747871105138136,3.7376641071330385,3.6787854374738633,3.670605618305002,3.5502538295289665,0.11803925096921168,0.11799678544455655,0.11750996242789055,0.11737229321887654,0.1173137845812402,0.11679467816818685,0.0,0.0,0.0,0.0,0.0,0.0,0.0,0.0,0.0,0.0,0.0,0.0,0.05897118860867125,0.043037605056850385,0.042210172600413126,0.02480931283892087,0.010793120777694313,0.00802873825632647,0.003310322722886901,0.0028545544355530125,0.0,0.0,0.0,0.0,0.0,0.0,0.0,0.0,0.0,0.0,0.0,0.0,0.0,0.0,0.0,0.0,0.0,0.0,0.0,0.0,0.0,0.0,0.0,0.0,0.0,0.0,0.0,0.0,0.0,0.0,0.0,0.0,0.0,0.0,0.0,0.0,0.0,0.0,0.0,0.0,0.0,0.0,0.0,0.0,0.0,0.0,0.0,0.0,0.0,0.0,0.0,0.0,0.0,0.0,0.0,0.0,0.0,0.0,0.0,0.0,0.0,0.0,0.0,0.0,0.0,0.0,0.0,0.0,0.0,0.0,0.0,0.0,0.0,0.0,0.0,0.0,0.0,0.0,0.0,0.0,0.0,0.0,0.0,0.0,0.0,0.0,0.0,0.0,0.0,0.0,0.0,0.0,0.0,0.0,0.0,0.0,0.0,0.0,0.0,0.0,0.0,0.0,0.0,0.0,0.0,0.0,0.0,0.0,0.0,0.0,0.0,0.0,0.0,0.0,0.0,0.0,0.0,0.0,0.0,0.0,0.0,0.0,0.0,0.0,0.0
15,Pd,CH3CHCO,4.8039,0.6121,2.134,2,0,2,4,1,0,4.937445809731745,4.391781624251429,0.341682605170301,3.794751630721567,3.7060706106757446,3.6825041497786586,3.6354768979618264,0.14139518188249656,0.124595243812748,0.12214963372949407,0.11814958988238475,0.11136000718409376,0.03320616837682905,0.03273474292197559,0.008931570205365915,0.0,0.0,0.0,0.0,0.0,0.0,18.90124413164262,0.5098225361935578,0.1465678975386792,0.0,0.0,0.0,1.261501401395512,1.025626923858155,0.1948625131849692,0.17785230792645873,0.13927397471005612,0.08203852392486312,0.08000739347961823,0.0739689814960764,0.07378852527290469,0.05764760806221263,0.048937262532482186,0.03230796360663879,0.029016382033194982,0.02656168769451328,0.02531818529246849,0.018517914408659183,0.016811591931037567,0.00012101426348496565,0.0,0.0,0.0,0.0,0.0,0.0,0.0,0.0,0.0,0.0,0.0,0.0,0.0,0.0,0.0,0.0,0.0,0.0,0.0,0.0,0.0,0.0,0.0,0.0,0.0,0.0,0.0,0.0,0.0,0.0,0.0,0.0,0.0,0.0,0.0,0.0,0.0,0.0,0.0,0.0,0.0,0.0,0.0,0.0,0.0,0.0,0.0,0.0,0.0,0.0,0.0,0.0,0.0,0.0,0.03557942836485957,0.033609354580574374,0.01578456251831905,0.0024148758955257546,0.0,0.0,0.0,0.0,0.0,0.0,0.0,0.0,0.0,0.2892895878095374,0.02929321142507347,0.026915900322948223,0.019134808741065382,0.017656624364375234,0.015962172605618538,0.0100502326182211,0.0,0.0,0.0,0.0,0.0,0.0,0.0,0.0,0.0,0.0,0.0,0.0,0.0,0.0,0.0,0.0,0.0,0.0,0.0,0.0,0.0,0.0,0.0,0.0,0.0,0.0,0.0,0.0,0.0,0.0,0.0,0.0,0.0,0.0,0.0,0.0,0.0,0.0,0.0,0.0,0.0
16,Pd,CH3CHCOO,4.8039,0.6121,2.134,1,2,2,4,2,0,5.014477099106111,4.7267374151089445,0.29853452119044205,3.7877483066760655,3.7333292111692185,3.721640015015679,3.617014701931919,0.13087745241463686,0.1255139953444734,0.12383100826852499,0.12253850267225225,0.11301710029969445,0.03278066696503325,0.022570829104518627,0.008276849855827498,0.0,0.0,0.0,0.0,0.0,0.0,13.08504784841675,12.756815516774125,0.5927595181274432,0.572798972214417,0.20043308293821885,0.042966010030662825,0.8803971692390589,0.333234461200227,0.2581704106199925,0.2538720965757865,0.12617603040786726,0.058341960372582526,0.05809063099535049,0.05120111898332624,0.04910648965362116,0.04292638554808387,0.03952529962926191,0.03804733210956726,0.03796264136330195,0.02289936730987389,0.022407396725489973,0.019947998165750217,0.008191221872681707,0.005816057795199749,0.0019026573928705886,0.0,0.0,0.0,0.0,0.0,0.0,0.0,0.0,0.0,0.0,0.0,0.0,0.0,0.0,0.0,0.0,0.0,0.0,0.0,0.0,0.0,0.0,0.0,0.0,0.0,0.0,0.0,0.0,0.0,0.0,0.0,0.0,0.0,0.0,0.0,0.0,0.0,0.0,0.0,0.0,0.0,0.0,0.0,0.0,0.0,0.0,0.0,0.0,0.0,0.0,0.0,0.0,0.0,0.0729384720512536,0.059914783937648285,0.016471756953271504,0.015673615644485203,0.0041521232616727214,0.003834000086158683,0.00291771790344028,0.0,0.0,0.0,0.0,0.0,1.0062149829924107,1.2869424471271422,1.227734924315329,0.13739993979564466,0.1327520359266452,0.1067253368499222,0.10095333092687857,0.07283397567570518,0.07270834994653981,0.060604452995933734,0.05747865479218363,0.04277901159692588,0.0,0.0,0.0,0.0,0.0,0.0,0.0,0.0,0.0,0.0,0.0,0.0,0.0,0.0,0.0,0.0,0.0,0.0,0.0,0.0,0.0,0.0,0.0,0.0,0.0,0.0,0.0,0.0,0.0,0.0,0.0,0.0,0.0,0.0,0.0,0.0,0.0
17,Pd,CH3CHCOOH,4.8039,0.6121,2.134,1,0,2,4,2,1,5.235890777648109,4.5195939811168575,0.3174052615829209,3.772258233350143,3.725128735269728,3.654121521905651,3.6522291685154684,0.246912635522466,0.1462940587288429,0.12403231355749388,0.12382159601153647,0.11943204304488696,0.11330052781961095,0.02911157133425678,0.02887465768454868,0.014544484302865996,0.008601148667509752,0.005242982935997118,0.0,0.0,0.0,15.328760162210939,10.585739653506467,0.60109685404547,0.5381737857146985,0.28709856911475634,0.039747995449329006,0.9370608529840166,0.17372264796203604,0.14554105190348054,0.13045818234447545,0.06521542319259112,0.06241583157343757,0.060015361747991776,0.0583787949197454,0.05154293898294792,0.03724676844403005,0.034366673304367185,0.03365749419683299,0.02899587472083362,0.021449823201108262,0.015303710564861276,0.002741180281756721,0.0018988123152151488,0.0,0.0,0.0,0.0,0.0,0.0,0.0,0.0,0.0,0.0,0.0,0.0,0.0,0.0,0.0,0.0,0.0,0.0,0.0,0.0,0.0,0.0,0.0,0.0,0.0,0.0,0.0,0.0,0.0,0.0,0.0,0.0,0.0,0.0,0.0,0.0,0.0,0.0,0.0,0.0,0.0,0.0,0.0,0.0,0.0,0.0,0.0,0.0,0.0,0.0,0.0,0.0,0.0,0.0,0.0,8.791494655503737,0.13480267973766633,0.05485748822948938,0.05418741875597395,0.04701130476680089,0.020886481449048484,0.005430563441524225,0.0032884970755300905,0.002833155737866525,0.0,0.0,0.0,1.08786388062609,0.9623648264221216,0.10914018159415098,0.07149026806726665,0.06163712780788659,0.04628882178890871,0.03914456250349578,0.033711545953697575,0.02700768008993709,0.0167418363448794,0.0,0.0,0.0,0.0,0.0,0.0,0.0,0.0,0.0,0.0,0.0,0.0,0.0,0.0,0.0,0.0,0.0,0.0,0.0,0.0,0.0,0.0,0.0,0.0,0.0,0.0,0.0,0.0,0.0,0.0,0.0,0.0,0.0,0.0,0.0,0.0,0.0,0.0,0.0
18,Pd,CHCH,4.8039,0.6121,2.134,2,0,1,2,0,0,7.630903344249891,0.0,0.0,3.8242358491047415,3.8238547367275975,0.1091131892822882,0.10905960278862446,0.0,0.0,0.0,0.0,0.0,0.0,0.0,0.0,0.0,0.0,0.0,0.0,0.0,0.0,0.0,0.0,0.0,0.0,0.0,0.0,1.2214124169852718,1.220606301952323,0.8051283809308077,0.8045155612171629,0.20845130355819166,0.2079627288649351,0.1442539077879046,0.14356682227365009,0.022790168849850325,0.022771947729989504,0.01924109725288812,0.01920392498510213,0.017200527775318792,0.013659160435075816,0.0135632489119971,0.003397410254423243,0.0033928643433118783,0.002967842879608336,0.0029497390422283144,0.0020281629977570124,0.0020097196885683205,0.0,0.0,0.0,0.0,0.0,0.0,0.0,0.0,0.0,0.0,0.0,0.0,0.0,0.0,0.0,0.0,0.0,0.0,0.0,0.0,0.0,0.0,0.0,0.0,0.0,0.0,0.0,0.0,0.0,0.0,0.0,0.0,0.0,0.0,0.0,0.0,0.0,0.0,0.0,0.0,0.0,0.0,0.0,0.0,0.0,0.0,0.0,0.0,0.0,0.0,0.0,0.0,0.0,0.0,0.0,0.0,0.0,0.0,0.0,0.0,0.0,0.0,0.0,0.0,0.0,0.0,0.0,0.0,0.0,0.0,0.0,0.0,0.0,0.0,0.0,0.0,0.0,0.0,0.0,0.0,0.0,0.0,0.0,0.0,0.0,0.0,0.0,0.0,0.0,0.0,0.0,0.0,0.0,0.0,0.0,0.0,0.0,0.0,0.0,0.0,0.0,0.0,0.0,0.0,0.0,0.0,0.0,0.0,0.0,0.0,0.0,0.0
19,Pd,CHCHCO,4.8039,0.6121,2.134,3,0,2,2,1,0,5.668029830882323,4.939403907128111,0.3230899603876122,3.7354114931008455,3.643051523447279,0.12518032816285224,0.11418874834314617,0.11387524599573733,0.012171448655066374,0.0,0.0,0.0,0.0,0.0,0.0,0.0,0.0,0.0,0.0,0.0,0.0,18.716340309447485,0.5463693802546542,0.061867755494363436,0.0,0.0,0.0,1.2528765310017138,1.218637290886445,0.9384045343554542,0.9297705961917476,0.3643797952292714,0.2406784374999449,0.18502051242391698,0.15980967962321807,0.1140255247349116,0.11248588757790838,0.08297013363156516,0.07971361032763721,0.059208608834764614,0.03147338020420984,0.02900198474161135,0.021771083697700408,0.021105654481902925,0.017129355526006373,0.013435525701709531,0.011546446501016678,0.010060811323285864,0.006302806472572347,0.00611528095481071,0.0046946182653675285,0.0043789099439379385,0.0040588501626206705,0.0,0.0,0.0,0.0,0.0,0.0,0.0,0.0,0.0,0.0,0.0,0.0,0.0,0.0,0.0,0.0,0.0,0.0,0.0,0.0,0.0,0.0,0.0,0.0,0.0,0.0,0.0,0.0,0.0,0.0,0.0,0.0,0.0,0.0,0.0,0.0,0.0,0.0,0.0,0.0,0.0,0.0,0.0,0.0,0.0,0.0,0.05359802973131435,0.002851013418349656,0.0,0.0,0.0,0.0,0.0,0.0,0.0,0.0,0.0,0.0,0.0,0.2969883317035076,0.03836752978950478,0.034210096234667135,0.01249798374188122,0.011463788743090085,0.006722839414217051,0.0,0.0,0.0,0.0,0.0,0.0,0.0,0.0,0.0,0.0,0.0,0.0,0.0,0.0,0.0,0.0,0.0,0.0,0.0,0.0,0.0,0.0,0.0,0.0,0.0,0.0,0.0,0.0,0.0,0.0,0.0,0.0,0.0,0.0,0.0,0.0,0.0,0.0,0.0,0.0,0.0,0.0
20,Pd,CHCHCOOH,4.8039,0.6121,2.134,2,0,2,2,2,1,5.365031113918482,5.238178786507034,0.29730173306881125,3.759989428333947,3.681801111086,0.2468601864590109,0.13183563271725718,0.12165579656148795,0.1065235226706317,0.015389028253920644,0.015190254969518638,0.00031950372716377115,0.0,0.0,0.0,0.0,0.0,0.0,0.0,0.0,0.0,15.53207200146155,10.454110344469392,0.6414908815146796,0.521092346637721,0.14273786965082755,0.045937729420951465,1.2052216113924417,1.1127236401446732,0.8988490212776896,0.2910036666395857,0.22501895987568848,0.17957465415070287,0.16177098761810138,0.14353525350989285,0.058459513959269814,0.05262349972809946,0.045656783806368166,0.03033306198814277,0.02415334750584964,0.015520666910688357,0.015034939516405447,0.007091359250379327,0.002510182353444169,0.00218974633494598,0.0011085973128184131,3.0901998991004355e-05,0.0,0.0,0.0,0.0,0.0,0.0,0.0,0.0,0.0,0.0,0.0,0.0,0.0,0.0,0.0,0.0,0.0,0.0,0.0,0.0,0.0,0.0,0.0,0.0,0.0,0.0,0.0,0.0,0.0,0.0,0.0,0.0,0.0,0.0,0.0,0.0,0.0,0.0,0.0,0.0,0.0,0.0,0.0,0.0,0.0,0.0,0.0,0.0,0.0,0.0,0.0,0.0,8.801799447539809,0.1308269851714742,0.0936696172863326,0.01552030270065665,0.007903625651039869,0.002354206271152324,0.0,0.0,0.0,0.0,0.0,0.0,1.0660536133893357,0.900784836694818,0.1177043317169688,0.1128690804454938,0.05803317487861655,0.05417857788022498,0.04972918395365704,0.029283265844862683,0.02916143720004422,0.02750442033923468,0.018145220405361984,0.0012581426484003233,0.0,0.0,0.0,0.0,0.0,0.0,0.0,0.0,0.0,0.0,0.0,0.0,0.0,0.0,0.0,0.0,0.0,0.0,0.0,0.0,0.0,0.0,0.0,0.0,0.0,0.0,0.0,0.0,0.0,0.0,0.0,0.0,0.0,0.0,0.0,0.0,0.0
21,Pd,CO,4.8039,0.6121,2.134,1,0,0,0,1,0,0.0,0.0,0.0,0.0,0.0,0.0,0.0,0.0,0.0,0.0,0.0,0.0,0.0,0.0,0.0,0.0,0.0,0.0,0.0,0.0,0.0,20.02641818511636,0.0,0.0,0.0,0.0,0.0,1.0397274748138534,1.0394151072868332,1.0391409275944892,0.05133849782468184,0.050941698947182285,0.05047624669365598,0.018561333430597512,0.018489130145091175,0.01832029926752204,0.0004611399969864719,0.000380904853171278,0.00034790138294327547,0.00033534239015437986,0.0003000551933842709,0.0,0.0,0.0,0.0,0.0,0.0,0.0,0.0,0.0,0.0,0.0,0.0,0.0,0.0,0.0,0.0,0.0,0.0,0.0,0.0,0.0,0.0,0.0,0.0,0.0,0.0,0.0,0.0,0.0,0.0,0.0,0.0,0.0,0.0,0.0,0.0,0.0,0.0,0.0,0.0,0.0,0.0,0.0,0.0,0.0,0.0,0.0,0.0,0.0,0.0,0.0,0.0,0.0,0.0,0.0,0.0,0.0,0.0,0.0,0.0,0.0,0.0,0.0,0.0,0.0,0.0,0.0,0.0,0.0,0.0,0.0,0.20925256740167272,0.2090265353273045,0.20859581308670144,0.014688258089852968,0.014555020119295284,0.014273052851763085,0.0,0.0,0.0,0.0,0.0,0.0,0.0,0.0,0.0,0.0,0.0,0.0,0.0,0.0,0.0,0.0,0.0,0.0,0.0,0.0,0.0,0.0,0.0,0.0,0.0,0.0,0.0,0.0,0.0,0.0,0.0,0.0,0.0,0.0,0.0,0.0,0.0,0.0,0.0,0.0,0.0,0.0
22,Pd,CO2,4.8039,0.6121,2.134,0,0,0,0,2,0,0.0,0.0,0.0,0.0,0.0,0.0,0.0,0.0,0.0,0.0,0.0,0.0,0.0,0.0,0.0,0.0,0.0,0.0,0.0,0.0,0.0,21.362981417560853,21.256717712181747,0.0,0.0,0.0,0.0,0.04814369980187945,0.03834654343716636,0.014320512694971522,0.009631697722147359,0.0,0.0,0.0,0.0,0.0,0.0,0.0,0.0,0.0,0.0,0.0,0.0,0.0,0.0,0.0,0.0,0.0,0.0,0.0,0.0,0.0,0.0,0.0,0.0,0.0,0.0,0.0,0.0,0.0,0.0,0.0,0.0,0.0,0.0,0.0,0.0,0.0,0.0,0.0,0.0,0.0,0.0,0.0,0.0,0.0,0.0,0.0,0.0,0.0,0.0,0.0,0.0,0.0,0.0,0.0,0.0,0.0,0.0,0.0,0.0,0.0,0.0,0.0,0.0,0.0,0.0,0.0,0.0,0.0,0.0,0.0,0.0,0.0,0.0,0.0,0.0,0.0,0.0,0.0,0.0,0.8543212138797928,0.1000624005883948,0.09656693151590584,0.015506744883825885,0.01097212286358798,0.009479454751953262,0.008009942117951481,0.0071864626284879815,0.00717432137796032,0.003082602701669129,0.0014186065568150099,0.0012936721341496801,0.0,0.0,0.0,0.0,0.0,0.0,0.0,0.0,0.0,0.0,0.0,0.0,0.0,0.0,0.0,0.0,0.0,0.0,0.0,0.0,0.0,0.0,0.0,0.0,0.0,0.0,0.0,0.0,0.0,0.0,0.0,0.0,0.0,0.0,0.0,0.0,0.0
23,Pd,COOH,4.8039,0.6121,2.134,1,0,0,0,2,1,0.0,0.0,0.0,0.24205790868209506,0.0,0.0,0.0,0.0,0.0,0.0,0.0,0.0,0.0,0.0,0.0,0.0,0.0,0.0,0.0,0.0,0.0,16.029075573772875,10.967324575388355,0.0,0.0,0.0,0.0,1.3513743391548656,0.19861228701355294,0.09756070404475294,0.09034539150386807,0.03328500894233452,0.030725950875818576,0.01851262317348706,0.0036345235129397256,0.0,0.0,0.0,0.0,0.0,0.0,0.0,0.0,0.0,0.0,0.0,0.0,0.0,0.0,0.0,0.0,0.0,0.0,0.0,0.0,0.0,0.0,0.0,0.0,0.0,0.0,0.0,0.0,0.0,0.0,0.0,0.0,0.0,0.0,0.0,0.0,0.0,0.0,0.0,0.0,0.0,0.0,0.0,0.0,0.0,0.0,0.0,0.0,0.0,0.0,0.0,0.0,0.0,0.0,0.0,0.0,0.0,0.0,0.0,0.0,0.0,0.0,0.0,0.0,8.553455692633195,0.12335740942413922,0.0,0.0,0.0,0.0,0.0,0.0,0.0,0.0,0.0,0.0,1.0740447895312195,0.7977714590250011,0.2708244591978093,0.2579447598887757,0.09967629719757183,0.09947067647784433,0.029613682832582217,0.02578810081123453,0.023411697300544952,0.02340954830013136,0.020019105033154003,0.015440268804222244,0.0133381023271655,0.01129763207617704,0.0,0.0,0.0,0.0,0.0,0.0,0.0,0.0,0.0,0.0,0.0,0.0,0.0,0.0,0.0,0.0,0.0,0.0,0.0,0.0,0.0,0.0,0.0,0.0,0.0,0.0,0.0,0.0,0.0,0.0,0.0,0.0,0.0,0.0,0.0
24,Pd,H2O,4.8039,0.6121,2.134,0,0,0,0,0,2,0.0,0.0,0.0,0.0,0.0,0.0,0.0,0.0,0.0,0.0,0.0,0.0,0.0,0.0,0.0,0.0,0.0,0.0,0.0,0.0,0.0,0.0,0.0,0.0,0.0,0.0,0.0,0.0,0.0,0.0,0.0,0.0,0.0,0.0,0.0,0.0,0.0,0.0,0.0,0.0,0.0,0.0,0.0,0.0,0.0,0.0,0.0,0.0,0.0,0.0,0.0,0.0,0.0,0.0,0.0,0.0,0.0,0.0,0.0,0.0,0.0,0.0,0.0,0.0,0.0,0.0,0.0,0.0,0.0,0.0,0.0,0.0,0.0,0.0,0.0,0.0,0.0,0.0,0.0,0.0,0.0,0.0,0.0,0.0,0.0,0.0,0.0,0.0,0.0,0.0,0.0,0.0,0.0,0.0,0.0,0.0,0.0,0.0,0.0,8.935278504690459,8.878144475000823,0.0,0.0,0.0,0.0,0.0,0.0,0.0,0.0,0.0,0.0,0.0,0.7150903767612041,0.060757529317156285,0.05488805851082328,0.053541424035732296,0.04396216754542687,0.04292461734895525,0.03910166464789842,0.0,0.0,0.0,0.0,0.0,0.0,0.0,0.0,0.0,0.0,0.0,0.0,0.0,0.0,0.0,0.0,0.0,0.0,0.0,0.0,0.0,0.0,0.0,0.0,0.0,0.0,0.0,0.0,0.0,0.0,0.0,0.0,0.0,0.0,0.0,0.0,0.0,0.0,0.0,0.0,0.0
25,Pd,OH,4.8039,0.6121,2.134,0,1,0,0,0,1,0.0,0.0,0.0,0.0,0.0,0.0,0.0,0.0,0.0,0.0,0.0,0.0,0.0,0.0,0.0,0.0,0.0,0.0,0.0,0.0,0.0,0.0,0.0,0.0,0.0,0.0,0.0,0.0,0.0,0.0,0.0,0.0,0.0,0.0,0.0,0.0,0.0,0.0,0.0,0.0,0.0,0.0,0.0,0.0,0.0,0.0,0.0,0.0,0.0,0.0,0.0,0.0,0.0,0.0,0.0,0.0,0.0,0.0,0.0,0.0,0.0,0.0,0.0,0.0,0.0,0.0,0.0,0.0,0.0,0.0,0.0,0.0,0.0,0.0,0.0,0.0,0.0,0.0,0.0,0.0,0.0,0.0,0.0,0.0,0.0,0.0,0.0,0.0,0.0,0.0,0.0,0.0,0.0,0.0,0.0,0.0,0.0,0.0,0.0,9.106051322492403,0.0,0.0,0.0,0.0,0.0,0.0,0.0,0.0,0.0,0.0,0.0,0.0,1.1139661625298087,1.1139661625298074,1.1053162394395042,0.07127764440028396,0.07127764440028396,0.07074665993216278,0.025760704235574156,0.025760704235574118,0.0253238855288193,0.0008281574230389402,0.0,0.0,0.0,0.0,0.0,0.0,0.0,0.0,0.0,0.0,0.0,0.0,0.0,0.0,0.0,0.0,0.0,0.0,0.0,0.0,0.0,0.0,0.0,0.0,0.0,0.0,0.0,0.0,0.0,0.0,0.0,0.0,0.0,0.0,0.0,0.0,0.0,0.0
26,Pt,CH2C,4.336672,0.808692,1.84181,2,0,1,2,0,0,6.452403883678546,0.0,0.0,3.8587636845251416,3.856710180478384,0.12198481954315844,0.12182500348766545,0.0,0.0,0.0,0.0,0.0,0.0,0.0,0.0,0.0,0.0,0.0,0.0,0.0,0.0,0.0,0.0,0.0,0.0,0.0,0.0,1.6808646994250718,1.6807086476596358,1.1966886621285089,0.9812434290103575,0.15297495896116228,0.15258964261426325,0.07835445894152931,0.06922302943259624,0.06911906068482047,0.051580345852454614,0.05124631673828474,0.03715377873708232,0.037006731902517014,0.03632178661895727,0.0019317943382735933,0.0019081838223968734,0.0014539736391644134,0.0,0.0,0.0,0.0,0.0,0.0,0.0,0.0,0.0,0.0,0.0,0.0,0.0,0.0,0.0,0.0,0.0,0.0,0.0,0.0,0.0,0.0,0.0,0.0,0.0,0.0,0.0,0.0,0.0,0.0,0.0,0.0,0.0,0.0,0.0,0.0,0.0,0.0,0.0,0.0,0.0,0.0,0.0,0.0,0.0,0.0,0.0,0.0,0.0,0.0,0.0,0.0,0.0,0.0,0.0,0.0,0.0,0.0,0.0,0.0,0.0,0.0,0.0,0.0,0.0,0.0,0.0,0.0,0.0,0.0,0.0,0.0,0.0,0.0,0.0,0.0,0.0,0.0,0.0,0.0,0.0,0.0,0.0,0.0,0.0,0.0,0.0,0.0,0.0,0.0,0.0,0.0,0.0,0.0,0.0,0.0,0.0,0.0,0.0,0.0,0.0,0.0,0.0,0.0,0.0,0.0,0.0,0.0,0.0,0.0,0.0,0.0,0.0,0.0,0.0,0.0
27,Pt,CH2CH,4.336672,0.808692,1.84181,2,0,1,3,0,0,5.223317500019498,0.0,0.0,3.737257443937193,3.7359715077514415,3.717355319422977,0.11990867620290215,0.119672692825638,0.10285786060781672,0.0,0.0,0.0,0.0,0.0,0.0,0.0,0.0,0.0,0.0,0.0,0.0,0.0,0.0,0.0,0.0,0.0,0.0,1.3624593090539137,1.3600659464241145,1.284428077029449,0.3412353849943581,0.21645546255855352,0.21534898215716086,0.11640160535813228,0.060149834491609135,0.05931054452160025,0.027653956125724532,0.027522167260540804,0.019931208814372308,0.019730287499230618,0.017759053180301895,0.008792286263785351,0.008705814990295616,0.004362007725163583,0.004322004621120465,0.0,0.0,0.0,0.0,0.0,0.0,0.0,0.0,0.0,0.0,0.0,0.0,0.0,0.0,0.0,0.0,0.0,0.0,0.0,0.0,0.0,0.0,0.0,0.0,0.0,0.0,0.0,0.0,0.0,0.0,0.0,0.0,0.0,0.0,0.0,0.0,0.0,0.0,0.0,0.0,0.0,0.0,0.0,0.0,0.0,0.0,0.0,0.0,0.0,0.0,0.0,0.0,0.0,0.0,0.0,0.0,0.0,0.0,0.0,0.0,0.0,0.0,0.0,0.0,0.0,0.0,0.0,0.0,0.0,0.0,0.0,0.0,0.0,0.0,0.0,0.0,0.0,0.0,0.0,0.0,0.0,0.0,0.0,0.0,0.0,0.0,0.0,0.0,0.0,0.0,0.0,0.0,0.0,0.0,0.0,0.0,0.0,0.0,0.0,0.0,0.0,0.0,0.0,0.0,0.0,0.0,0.0,0.0,0.0,0.0,0.0,0.0,0.0,0.0,0.0
28,Pt,CH2CH2,4.336672,0.808692,1.84181,2,0,1,4,0,0,4.979364645928674,0.0,0.0,3.7922044444700895,3.791328186704612,3.7904146513982315,3.788337178528964,0.11814019002209665,0.11804388911770808,0.11793053084297744,0.11784237118703965,0.0,0.0,0.0,0.0,0.0,0.0,0.0,0.0,0.0,0.0,0.0,0.0,0.0,0.0,0.0,0.0,1.2049725074901263,1.2049499035169822,0.2148585738399218,0.21469583517113533,0.08510512175221029,0.08448397763887877,0.08296143319289978,0.08242733814180701,0.030480955915490462,0.030376041975673687,0.029360584048515874,0.029138976079869167,0.01573636519365996,0.0,0.0,0.0,0.0,0.0,0.0,0.0,0.0,0.0,0.0,0.0,0.0,0.0,0.0,0.0,0.0,0.0,0.0,0.0,0.0,0.0,0.0,0.0,0.0,0.0,0.0,0.0,0.0,0.0,0.0,0.0,0.0,0.0,0.0,0.0,0.0,0.0,0.0,0.0,0.0,0.0,0.0,0.0,0.0,0.0,0.0,0.0,0.0,0.0,0.0,0.0,0.0,0.0,0.0,0.0,0.0,0.0,0.0,0.0,0.0,0.0,0.0,0.0,0.0,0.0,0.0,0.0,0.0,0.0,0.0,0.0,0.0,0.0,0.0,0.0,0.0,0.0,0.0,0.0,0.0,0.0,0.0,0.0,0.0,0.0,0.0,0.0,0.0,0.0,0.0,0.0,0.0,0.0,0.0,0.0,0.0,0.0,0.0,0.0,0.0,0.0,0.0,0.0,0.0,0.0,0.0,0.0,0.0,0.0,0.0,0.0,0.0,0.0,0.0,0.0,0.0,0.0,0.0,0.0,0.0
29,Pt,CH2CHCO,4.336672,0.808692,1.84181,3,1,2,3,1,0,5.450529158054919,5.076498795993876,0.3179259991376479,3.82095457039306,3.787444238665942,3.7613592690622775,0.1253776219500939,0.12119845948810053,0.12026522592689835,0.10700519514447164,0.03175787883823368,0.0085635390465954,0.0,0.0,0.0,0.0,0.0,0.0,0.0,0.0,0.0,14.209016436795256,0.5616450769247828,0.04438538428788403,0.0,0.0,0.0,1.47850093873169,1.2589408618345417,0.9992131284745429,0.7445891163588797,0.3836996131265875,0.2446737459668922,0.19549787890353426,0.1844767909751369,0.11055815200118746,0.0924214093684022,0.07530901809941533,0.05549559564059438,0.04477939133920639,0.03394431834899445,0.03296891100535468,0.023198500499695046,0.013861862560652208,0.01282370173206647,0.009744851381506013,0.008249229742528508,0.005128031550250968,0.0005613430345970775,0.0004716995586278132,0.0,0.0,0.0,0.0,0.0,0.0,0.0,0.0,0.0,0.0,0.0,0.0,0.0,0.0,0.0,0.0,0.0,0.0,0.0,0.0,0.0,0.0,0.0,0.0,0.0,0.0,0.0,0.0,0.0,0.0,0.0,0.0,0.0,0.0,0.0,0.0,0.0,0.0,0.0,0.0,0.0,0.0,0.0,0.0,0.0,0.0,0.0,0.0,0.0,0.05699393796342837,0.004742509340094747,0.0,0.0,0.0,0.0,0.0,0.0,0.0,0.0,0.0,0.0,0.0,1.3567877015888472,0.31193039711135545,0.21151251204127447,0.0,0.0,0.0,0.0,0.0,0.0,0.0,0.0,0.0,0.0,0.0,0.0,0.0,0.0,0.0,0.0,0.0,0.0,0.0,0.0,0.0,0.0,0.0,0.0,0.0,0.0,0.0,0.0,0.0,0.0,0.0,0.0,0.0,0.0,0.0,0.0,0.0,0.0,0.0,0.0,0.0,0.0,0.0,0.0,0.0
30,Pt,CH2CHCOOH,4.336672,0.808692,1.84181,2,0,2,3,2,1,5.112812910835662,4.7395300531678615,0.3638760119047596,3.8117710292058855,3.8083660489381166,3.76861518747532,0.2464481249501747,0.12745174723646902,0.12239397289278316,0.11602947357933305,0.11318754752197592,0.051585799477312566,0.014378459275794266,0.011101697798470686,0.0009345750791375289,0.0,0.0,0.0,0.0,0.0,0.0,15.527492612954385,10.979381445883382,0.6030814276245996,0.5497356557998242,0.19629751566002165,0.058041364334976635,1.27585851164213,1.1428782709178331,0.23540061735650403,0.21594522332828991,0.2097379175374952,0.18447407604172533,0.1056850778481156,0.10367710638185447,0.0847457629312294,0.07493950054149527,0.07424446307415895,0.03799104761869791,0.028189676825561626,0.02708323532065955,0.026295062061462742,0.020117497526369446,0.013276546657153554,0.0035339336075421173,0.0027682708969894512,0.0,0.0,0.0,0.0,0.0,0.0,0.0,0.0,0.0,0.0,0.0,0.0,0.0,0.0,0.0,0.0,0.0,0.0,0.0,0.0,0.0,0.0,0.0,0.0,0.0,0.0,0.0,0.0,0.0,0.0,0.0,0.0,0.0,0.0,0.0,0.0,0.0,0.0,0.0,0.0,0.0,0.0,0.0,0.0,0.0,0.0,0.0,0.0,0.0,0.0,0.0,0.0,0.0,8.752327554579864,0.12746448461014506,0.08175268597680456,0.0578734131276599,0.015689101715415963,0.008154378172450974,0.003923901954589429,0.0017326996961967373,0.0,0.0,0.0,0.0,1.0816168738553145,1.0336149353292596,0.12492150525939168,0.11795429076440322,0.09443164620812358,0.05590388905947148,0.0500208015774734,0.047300009791827635,0.028632872958569113,0.016121892525110544,0.0021257255204463754,0.0,0.0,0.0,0.0,0.0,0.0,0.0,0.0,0.0,0.0,0.0,0.0,0.0,0.0,0.0,0.0,0.0,0.0,0.0,0.0,0.0,0.0,0.0,0.0,0.0,0.0,0.0,0.0,0.0,0.0,0.0,0.0,0.0,0.0,0.0,0.0,0.0,0.0
31,Pt,CH3C,4.336672,0.808692,1.84181,1,0,1,3,0,0,4.8956320689316435,0.0,0.0,3.7189232826893437,3.713431278860463,3.713243679227949,0.1312443139442129,0.13118424421915112,0.13092426748784589,0.0,0.0,0.0,0.0,0.0,0.0,0.0,0.0,0.0,0.0,0.0,0.0,0.0,0.0,0.0,0.0,0.0,0.0,1.553249733098771,1.5531064940770882,1.5511856148533911,0.15215150481025055,0.1521344691995877,0.15194326261077948,0.06600206383348348,0.06567323318223989,0.06563010646766868,0.028397911228264006,0.028345469501430836,0.028142631714404082,0.006787738993442101,0.006400316121961173,0.006342931809525734,0.0005730857885465937,0.0005653752937885177,0.000275443045209045,0.00021706676583125445,0.0002102366448563341,0.0,0.0,0.0,0.0,0.0,0.0,0.0,0.0,0.0,0.0,0.0,0.0,0.0,0.0,0.0,0.0,0.0,0.0,0.0,0.0,0.0,0.0,0.0,0.0,0.0,0.0,0.0,0.0,0.0,0.0,0.0,0.0,0.0,0.0,0.0,0.0,0.0,0.0,0.0,0.0,0.0,0.0,0.0,0.0,0.0,0.0,0.0,0.0,0.0,0.0,0.0,0.0,0.0,0.0,0.0,0.0,0.0,0.0,0.0,0.0,0.0,0.0,0.0,0.0,0.0,0.0,0.0,0.0,0.0,0.0,0.0,0.0,0.0,0.0,0.0,0.0,0.0,0.0,0.0,0.0,0.0,0.0,0.0,0.0,0.0,0.0,0.0,0.0,0.0,0.0,0.0,0.0,0.0,0.0,0.0,0.0,0.0,0.0,0.0,0.0,0.0,0.0,0.0,0.0,0.0,0.0,0.0,0.0,0.0,0.0,0.0,0.0,0.0
32,Pt,CH3CCO,4.336672,0.808692,1.84181,2,0,2,3,1,0,5.104678173272166,4.598408498525672,0.32528369314898803,3.7632810144512736,3.698771386773464,3.6970108011710217,0.12870354026084949,0.1286518490142339,0.12077377556590906,0.0323899330378594,0.03145165331563584,0.008534958735590431,0.0,0.0,0.0,0.0,0.0,0.0,0.0,0.0,0.0,18.741134721971648,0.5192602364927545,0.1800191042129291,0.0,0.0,0.0,1.5225893993601338,1.3161653744484123,1.3070777057766196,0.2921313274499265,0.2583880758144817,0.24528056167329926,0.14859465983757242,0.14600302547423882,0.12356528526881627,0.0814998086502192,0.07023601393882832,0.06280599852210836,0.024082165687846144,0.02391490977922009,0.022268390131267288,0.020736096406647288,0.017412204144263366,0.01027763762587807,0.009863362087058215,0.009799311477156113,0.0031472364347382227,0.0028086580153576235,0.002530043999711209,0.002413157320081884,0.0017345966902805945,0.0009313460741195503,0.0,0.0,0.0,0.0,0.0,0.0,0.0,0.0,0.0,0.0,0.0,0.0,0.0,0.0,0.0,0.0,0.0,0.0,0.0,0.0,0.0,0.0,0.0,0.0,0.0,0.0,0.0,0.0,0.0,0.0,0.0,0.0,0.0,0.0,0.0,0.0,0.0,0.0,0.0,0.0,0.0,0.0,0.0,0.0,0.0,0.0,0.03271328132920627,0.030169712519651126,0.0029878637352595983,0.0,0.0,0.0,0.0,0.0,0.0,0.0,0.0,0.0,0.0,0.3122767876007457,0.039878172442559916,0.03485184520316723,0.023980515593189124,0.016356099196295076,0.016007175816114334,0.012846612605685828,0.0,0.0,0.0,0.0,0.0,0.0,0.0,0.0,0.0,0.0,0.0,0.0,0.0,0.0,0.0,0.0,0.0,0.0,0.0,0.0,0.0,0.0,0.0,0.0,0.0,0.0,0.0,0.0,0.0,0.0,0.0,0.0,0.0,0.0,0.0,0.0,0.0,0.0,0.0,0.0,0.0
33,Pt,CH3CCOO,4.336672,0.808692,1.84181,1,1,2,3,2,0,4.5785949082698245,4.267199332949216,0.3500917719443243,3.7197239031420612,3.7144393028564315,3.4721351252827395,0.12585961605916535,0.1256493209430848,0.11160617811140616,0.03577560926112133,0.035063501978578826,0.008191616872101199,0.0,0.0,0.0,0.0,0.0,0.0,0.0,0.0,0.0,17.129552651991634,11.934076795148352,0.5963641017063142,0.4864566451130713,0.3197107467577697,0.03978441617447828,1.291147423968066,1.2883375774613723,0.22767323211124396,0.19226100187685746,0.17448012640491778,0.17216370536203118,0.1594053425853885,0.15927743861778254,0.15918743137595925,0.15578314269329982,0.02057520621578317,0.02015150163013169,0.017658638773923846,0.017134952635135973,0.015330533918474162,0.013703044101687212,0.01179365553679742,0.0,0.0,0.0,0.0,0.0,0.0,0.0,0.0,0.0,0.0,0.0,0.0,0.0,0.0,0.0,0.0,0.0,0.0,0.0,0.0,0.0,0.0,0.0,0.0,0.0,0.0,0.0,0.0,0.0,0.0,0.0,0.0,0.0,0.0,0.0,0.0,0.0,0.0,0.0,0.0,0.0,0.0,0.0,0.0,0.0,0.0,0.0,0.0,0.0,0.0,0.0,0.0,0.0,0.0,0.0,0.06207514826092775,0.05811351287959171,0.005823524302719029,0.00349183183780508,0.003456137056683381,0.0,0.0,0.0,0.0,0.0,0.0,0.0,1.1811235743704311,1.9811078926142167,0.13293751330663214,0.12918099517351272,0.09425575158581308,0.08889140009609947,0.08208043495826925,0.026662140734422336,0.02489820585434813,0.02477194228799961,0.0,0.0,0.0,0.0,0.0,0.0,0.0,0.0,0.0,0.0,0.0,0.0,0.0,0.0,0.0,0.0,0.0,0.0,0.0,0.0,0.0,0.0,0.0,0.0,0.0,0.0,0.0,0.0,0.0,0.0,0.0,0.0,0.0,0.0,0.0,0.0,0.0,0.0,0.0
34,Pt,CH3CCOOH,4.336672,0.808692,1.84181,1,1,2,3,2,1,5.132708001416542,4.435615617598338,0.3676832543130663,3.716653314866552,3.714415778371545,3.5590995264959417,0.24668095034909315,0.12161714144796737,0.12144189979023065,0.11368467172663188,0.035108901750752416,0.03489396334384868,0.01420147751596869,0.00896019150934705,0.00655998021544123,0.0,0.0,0.0,0.0,0.0,0.0,15.106949833218547,10.880165736813003,0.5880414396637562,0.5126849302948929,0.35684809983211296,0.043646568716115226,1.2453264405775033,1.24176926746822,0.2284963193506573,0.19056097096128374,0.18508619854021674,0.18343271069017694,0.16425990607454624,0.1535066144791704,0.152458348992715,0.13931864853166284,0.0207347526763372,0.01888828155768904,0.01862640143711724,0.018541775040016827,0.01662025179668793,0.016468485761405718,0.01515704059201904,0.01163285855054618,0.011458854659450068,0.0,0.0,0.0,0.0,0.0,0.0,0.0,0.0,0.0,0.0,0.0,0.0,0.0,0.0,0.0,0.0,0.0,0.0,0.0,0.0,0.0,0.0,0.0,0.0,0.0,0.0,0.0,0.0,0.0,0.0,0.0,0.0,0.0,0.0,0.0,0.0,0.0,0.0,0.0,0.0,0.0,0.0,0.0,0.0,0.0,0.0,0.0,0.0,0.0,0.0,0.0,0.0,0.0,8.764607356867419,0.1465847299986609,0.0687801446964058,0.06505335367336391,0.006648489198574876,0.003930102254816598,0.003841551691411257,0.0,0.0,0.0,0.0,0.0,1.160574276735957,1.5675895848634267,0.122554484483669,0.12226372013221624,0.0844867697922154,0.08317144569953536,0.024111231077445932,0.021309684062723832,0.016997694861820255,0.0,0.0,0.0,0.0,0.0,0.0,0.0,0.0,0.0,0.0,0.0,0.0,0.0,0.0,0.0,0.0,0.0,0.0,0.0,0.0,0.0,0.0,0.0,0.0,0.0,0.0,0.0,0.0,0.0,0.0,0.0,0.0,0.0,0.0,0.0,0.0,0.0,0.0,0.0,0.0
35,Pt,CH3CH,4.336672,0.808692,1.84181,1,0,1,4,0,0,4.708370108897547,0.0,0.0,3.699289983943333,3.6714879888842327,3.6700323952375133,3.634201516162909,0.13040608523436306,0.13024985999058106,0.12375941331408948,0.11423128416864604,0.0,0.0,0.0,0.0,0.0,0.0,0.0,0.0,0.0,0.0,0.0,0.0,0.0,0.0,0.0,0.0,1.367812436528773,1.3673207775789284,0.16807171475873026,0.1578647986247632,0.15310186646719018,0.15235163037912622,0.13793494242024787,0.01753597640233039,0.01692087855719084,0.0169004915679078,0.014940155284014663,0.014884668433096932,0.012220359587491042,0.011959406023714786,0.0,0.0,0.0,0.0,0.0,0.0,0.0,0.0,0.0,0.0,0.0,0.0,0.0,0.0,0.0,0.0,0.0,0.0,0.0,0.0,0.0,0.0,0.0,0.0,0.0,0.0,0.0,0.0,0.0,0.0,0.0,0.0,0.0,0.0,0.0,0.0,0.0,0.0,0.0,0.0,0.0,0.0,0.0,0.0,0.0,0.0,0.0,0.0,0.0,0.0,0.0,0.0,0.0,0.0,0.0,0.0,0.0,0.0,0.0,0.0,0.0,0.0,0.0,0.0,0.0,0.0,0.0,0.0,0.0,0.0,0.0,0.0,0.0,0.0,0.0,0.0,0.0,0.0,0.0,0.0,0.0,0.0,0.0,0.0,0.0,0.0,0.0,0.0,0.0,0.0,0.0,0.0,0.0,0.0,0.0,0.0,0.0,0.0,0.0,0.0,0.0,0.0,0.0,0.0,0.0,0.0,0.0,0.0,0.0,0.0,0.0,0.0,0.0,0.0,0.0,0.0,0.0,0.0,0.0
36,Pt,CH3CH2,4.336672,0.808692,1.84181,1,0,1,5,0,0,4.556918611147995,0.0,0.0,3.753770664394468,3.753690098107608,3.7291264908142714,3.721841955798319,3.619656374478816,0.1306998294001928,0.11882048362729584,0.11880772897966728,0.1181240773399789,0.11808088464206493,0.0,0.0,0.0,0.0,0.0,0.0,0.0,0.0,0.0,0.0,0.0,0.0,0.0,0.0,1.2713844140108224,0.16882803711148206,0.06752257483501213,0.060766243169493674,0.05618786924328455,0.056163505942501864,0.05068401096058059,0.050347719478379835,0.04494214904298149,0.04462448192113455,0.0074235665695522235,0.004238021503331178,0.0,0.0,0.0,0.0,0.0,0.0,0.0,0.0,0.0,0.0,0.0,0.0,0.0,0.0,0.0,0.0,0.0,0.0,0.0,0.0,0.0,0.0,0.0,0.0,0.0,0.0,0.0,0.0,0.0,0.0,0.0,0.0,0.0,0.0,0.0,0.0,0.0,0.0,0.0,0.0,0.0,0.0,0.0,0.0,0.0,0.0,0.0,0.0,0.0,0.0,0.0,0.0,0.0,0.0,0.0,0.0,0.0,0.0,0.0,0.0,0.0,0.0,0.0,0.0,0.0,0.0,0.0,0.0,0.0,0.0,0.0,0.0,0.0,0.0,0.0,0.0,0.0,0.0,0.0,0.0,0.0,0.0,0.0,0.0,0.0,0.0,0.0,0.0,0.0,0.0,0.0,0.0,0.0,0.0,0.0,0.0,0.0,0.0,0.0,0.0,0.0,0.0,0.0,0.0,0.0,0.0,0.0,0.0,0.0,0.0,0.0,0.0,0.0,0.0,0.0,0.0,0.0,0.0,0.0,0.0,0.0
37,Pt,CH3CH2CO,4.336672,0.808692,1.84181,1,1,2,5,1,0,4.3737782093776945,4.235150692443536,0.3179656046799569,3.7752059756374265,3.757953205156357,3.7554920799434943,3.735396829393788,3.6695699245946938,0.13853304187024545,0.12938122805340768,0.12360828098978673,0.11875075837597684,0.11822117050513985,0.11798938101882896,0.1170354341816756,0.03156871960918517,0.02976422037717533,0.008434966156117468,0.0,0.0,0.0,13.352161582388055,0.5903503315312703,0.18476896074598348,0.0,0.0,0.0,1.148540478732219,1.1402298308493044,0.31985198617953137,0.14637474625023686,0.1428032358026645,0.08793757467967643,0.06417498051065222,0.043120192165263214,0.03160939877166812,0.029127901002292143,0.012293007735878402,0.01081121217569464,0.0066032388646898935,0.004595749541590748,0.003591058404750449,0.0030035134012727435,0.00210020432338846,0.0,0.0,0.0,0.0,0.0,0.0,0.0,0.0,0.0,0.0,0.0,0.0,0.0,0.0,0.0,0.0,0.0,0.0,0.0,0.0,0.0,0.0,0.0,0.0,0.0,0.0,0.0,0.0,0.0,0.0,0.0,0.0,0.0,0.0,0.0,0.0,0.0,0.0,0.0,0.0,0.0,0.0,0.0,0.0,0.0,0.0,0.0,0.0,0.0,0.0,0.0,0.0,0.0,0.0,0.0,0.0548096509322229,0.050621641880955436,0.01654524644281325,0.015237201906339719,0.003874643594772549,0.0,0.0,0.0,0.0,0.0,0.0,0.0,0.0,1.5891352415201538,0.3288717861815244,0.32495487770297865,0.08936339056701395,0.08396346274159255,0.02493060622734205,0.0007847545649522572,0.00014856786800639119,0.0,0.0,0.0,0.0,0.0,0.0,0.0,0.0,0.0,0.0,0.0,0.0,0.0,0.0,0.0,0.0,0.0,0.0,0.0,0.0,0.0,0.0,0.0,0.0,0.0,0.0,0.0,0.0,0.0,0.0,0.0,0.0,0.0,0.0,0.0,0.0,0.0,0.0,0.0,0.0
38,Pt,CH3CH2COO,4.336672,0.808692,1.84181,0,2,2,5,2,0,4.448169216050572,4.357566769427239,0.30234190042394643,3.776315536868283,3.773065511335976,3.7605393832305674,3.7097697310683464,3.695875930191217,0.14122730382446266,0.13912651832706038,0.12482688166979045,0.11921715214738934,0.11904397464204078,0.11818723532286796,0.11725730012732186,0.028655265457722044,0.028356642287516217,0.008168049583755423,0.0,0.0,0.0,14.161345032268436,13.956918223980697,0.6216345450932504,0.5918228874650895,0.27247592772423235,0.041959965674552575,0.1842691275972594,0.18344252532376104,0.04608771240805575,0.04366989909465792,0.003361949588655918,0.0026682475499432558,0.0,0.0,0.0,0.0,0.0,0.0,0.0,0.0,0.0,0.0,0.0,0.0,0.0,0.0,0.0,0.0,0.0,0.0,0.0,0.0,0.0,0.0,0.0,0.0,0.0,0.0,0.0,0.0,0.0,0.0,0.0,0.0,0.0,0.0,0.0,0.0,0.0,0.0,0.0,0.0,0.0,0.0,0.0,0.0,0.0,0.0,0.0,0.0,0.0,0.0,0.0,0.0,0.0,0.0,0.0,0.0,0.0,0.0,0.0,0.0,0.0,0.0,0.0,0.0,0.0,0.0,0.06622330545301756,0.0621820838476992,0.04936064019295895,0.04528800945686956,0.02496469084896503,0.023137117645196704,0.005166323887731554,0.0031445590522300717,0.0029861683177028666,0.0,0.0,0.0,0.9750248655679512,1.6526371041705223,1.6371150644620134,0.13851665128901014,0.1374472769243338,0.09274296219900237,0.0922950711917548,0.09188079413316667,0.09167437543362644,0.06438555556005979,0.06407288241843456,0.06397603470777771,0.06354744506642003,0.05420379127832528,0.0,0.0,0.0,0.0,0.0,0.0,0.0,0.0,0.0,0.0,0.0,0.0,0.0,0.0,0.0,0.0,0.0,0.0,0.0,0.0,0.0,0.0,0.0,0.0,0.0,0.0,0.0,0.0,0.0,0.0,0.0,0.0,0.0,0.0,0.0
39,Pt,CH3CH2COOH,4.336672,0.808692,1.84181,0,0,2,5,2,1,4.820103383625174,4.3579143025589016,0.30123655062009563,3.7745380867359954,3.774105272387008,3.7650368106584784,3.634128828751253,3.6286929840448816,0.2476409343822589,0.1490097216405733,0.14859239039772254,0.12656696469267578,0.11824421202230667,0.11809595982328695,0.11591474199774507,0.1157050782294686,0.027517712365671125,0.02738023039615106,0.01399657993141083,0.008362264943522286,0.00506376357358295,16.352985045464767,10.854837983097264,0.5846038803375728,0.527039748604827,0.2792995872402078,0.03867609340843325,0.1065858924519193,0.07518604120625147,0.040540355849670716,0.014432840724722125,0.013923106742609284,0.01162813600305882,0.00965606595508902,0.006604540932522336,0.0,0.0,0.0,0.0,0.0,0.0,0.0,0.0,0.0,0.0,0.0,0.0,0.0,0.0,0.0,0.0,0.0,0.0,0.0,0.0,0.0,0.0,0.0,0.0,0.0,0.0,0.0,0.0,0.0,0.0,0.0,0.0,0.0,0.0,0.0,0.0,0.0,0.0,0.0,0.0,0.0,0.0,0.0,0.0,0.0,0.0,0.0,0.0,0.0,0.0,0.0,0.0,0.0,0.0,0.0,0.0,0.0,0.0,0.0,0.0,0.0,0.0,0.0,0.0,8.749559472309334,0.13728789190714644,0.051584895483607576,0.05094042995378978,0.048958195930995034,0.04741547735573192,0.02333219398062492,0.022859996961041983,0.005316970711901547,0.0029210326776093736,0.0028965761670665447,0.0,1.134009780051205,1.0394120345104991,0.08407495087732869,0.07412942156979592,0.0502895884513967,0.04389024325959194,0.034471871560641805,0.0,0.0,0.0,0.0,0.0,0.0,0.0,0.0,0.0,0.0,0.0,0.0,0.0,0.0,0.0,0.0,0.0,0.0,0.0,0.0,0.0,0.0,0.0,0.0,0.0,0.0,0.0,0.0,0.0,0.0,0.0,0.0,0.0,0.0,0.0,0.0,0.0,0.0,0.0,0.0,0.0,0.0
40,Pt,CH3CH3,4.336672,0.808692,1.84181,0,0,1,6,0,0,4.363211812244391,0.0,0.0,3.7444799285030856,3.7433602722287778,3.731346441983002,3.7222645752613057,3.720254053899117,3.5106983416752087,0.11855184071100705,0.11835822538189615,0.11829352684828312,0.11752632924680545,0.11646664976002305,0.11636407235645675,0.0,0.0,0.0,0.0,0.0,0.0,0.0,0.0,0.0,0.0,0.0,0.0,0.06457043513133941,0.022208092146535928,0.020912876992408663,0.01286604767230573,0.006772925449290139,0.005480804048809157,0.0,0.0,0.0,0.0,0.0,0.0,0.0,0.0,0.0,0.0,0.0,0.0,0.0,0.0,0.0,0.0,0.0,0.0,0.0,0.0,0.0,0.0,0.0,0.0,0.0,0.0,0.0,0.0,0.0,0.0,0.0,0.0,0.0,0.0,0.0,0.0,0.0,0.0,0.0,0.0,0.0,0.0,0.0,0.0,0.0,0.0,0.0,0.0,0.0,0.0,0.0,0.0,0.0,0.0,0.0,0.0,0.0,0.0,0.0,0.0,0.0,0.0,0.0,0.0,0.0,0.0,0.0,0.0,0.0,0.0,0.0,0.0,0.0,0.0,0.0,0.0,0.0,0.0,0.0,0.0,0.0,0.0,0.0,0.0,0.0,0.0,0.0,0.0,0.0,0.0,0.0,0.0,0.0,0.0,0.0,0.0,0.0,0.0,0.0,0.0,0.0,0.0,0.0,0.0,0.0,0.0,0.0,0.0,0.0,0.0,0.0,0.0,0.0,0.0,0.0,0.0,0.0,0.0,0.0,0.0,0.0,0.0,0.0,0.0,0.0,0.0,0.0
41,Pt,CH3CHCO,4.336672,0.808692,1.84181,2,0,2,4,1,0,4.55634351146034,4.406219634904846,0.32839324116350954,3.7815691613831808,3.753624966334745,3.6855494953142585,3.671146461941487,0.14219227626339415,0.12764125104090604,0.12315861577791835,0.11810534085115625,0.11717964097705386,0.033946399913089766,0.03067354918019248,0.008589010905415962,0.0,0.0,0.0,0.0,0.0,0.0,18.948771365955924,0.5237072679603619,0.16423904359076708,0.0,0.0,0.0,1.5178657966229598,1.2745913977538048,0.2265177504049324,0.2248446648859796,0.16549788998984516,0.09649044444636187,0.09385911063131412,0.08666381707805551,0.077473600390839,0.0408358574715834,0.04031516601292762,0.034744207908560414,0.03459139455722017,0.03255973303533237,0.0261820267529227,0.019329871873296857,0.015527531530161903,0.0,0.0,0.0,0.0,0.0,0.0,0.0,0.0,0.0,0.0,0.0,0.0,0.0,0.0,0.0,0.0,0.0,0.0,0.0,0.0,0.0,0.0,0.0,0.0,0.0,0.0,0.0,0.0,0.0,0.0,0.0,0.0,0.0,0.0,0.0,0.0,0.0,0.0,0.0,0.0,0.0,0.0,0.0,0.0,0.0,0.0,0.0,0.0,0.0,0.0,0.0,0.0,0.0,0.0,0.0,0.040901235920411415,0.038115656717464814,0.017186794295824075,0.0029281464078091783,0.0,0.0,0.0,0.0,0.0,0.0,0.0,0.0,0.0,0.3324711045680607,0.02509472394469866,0.024512124094029367,0.022462076155876025,0.01709725929299749,0.014980015258494987,0.00793964955758844,0.0,0.0,0.0,0.0,0.0,0.0,0.0,0.0,0.0,0.0,0.0,0.0,0.0,0.0,0.0,0.0,0.0,0.0,0.0,0.0,0.0,0.0,0.0,0.0,0.0,0.0,0.0,0.0,0.0,0.0,0.0,0.0,0.0,0.0,0.0,0.0,0.0,0.0,0.0,0.0,0.0
42,Pt,CH3CHCOO,4.336672,0.808692,1.84181,1,2,2,4,2,0,4.9845232215884385,4.650732964990344,0.3022317839680396,3.79940654157278,3.7532206671369335,3.752272859028024,3.642779247548253,0.1309141892274,0.1286033245433838,0.12447508249123215,0.12154121029425112,0.11491015822809393,0.03255242798456141,0.02385378366124394,0.008356902521112253,0.0,0.0,0.0,0.0,0.0,0.0,12.944797996590927,12.646323674866329,0.5841040696698403,0.5671506020599262,0.20033977161884667,0.043446751792822966,1.0957515823394224,0.4081464974106276,0.3107573761396569,0.3051823550407277,0.14989928807730912,0.06058364657882213,0.059009238809497176,0.056397916713597764,0.05638282521540389,0.05044085224734175,0.04410309896612799,0.043467881931655517,0.04246381683509126,0.026523882145855625,0.02561107630426588,0.02309920898221361,0.007813493907794039,0.003495643971385347,0.0,0.0,0.0,0.0,0.0,0.0,0.0,0.0,0.0,0.0,0.0,0.0,0.0,0.0,0.0,0.0,0.0,0.0,0.0,0.0,0.0,0.0,0.0,0.0,0.0,0.0,0.0,0.0,0.0,0.0,0.0,0.0,0.0,0.0,0.0,0.0,0.0,0.0,0.0,0.0,0.0,0.0,0.0,0.0,0.0,0.0,0.0,0.0,0.0,0.0,0.0,0.0,0.0,0.0,0.07375124190801766,0.05882414800073939,0.01697551151256932,0.015850372593167978,0.004214655670050615,0.004146546996357912,0.0028756805388100077,0.0,0.0,0.0,0.0,0.0,1.0039927416756225,1.649239340956909,1.5939593720011782,0.16817119918650578,0.1661063382052853,0.12715147843918134,0.12710256879558735,0.08909184237808157,0.08692489505824619,0.07301094621205842,0.07190729186745909,0.054084871768374655,0.0,0.0,0.0,0.0,0.0,0.0,0.0,0.0,0.0,0.0,0.0,0.0,0.0,0.0,0.0,0.0,0.0,0.0,0.0,0.0,0.0,0.0,0.0,0.0,0.0,0.0,0.0,0.0,0.0,0.0,0.0,0.0,0.0,0.0,0.0,0.0,0.0
43,Pt,CH3CHCOOH,4.336672,0.808692,1.84181,1,0,2,4,2,1,5.021683595475307,4.4494044399364405,0.32272483390447504,3.7690542651946495,3.75930713131194,3.6759977388073577,3.6440031857904436,0.2483247609159157,0.15340832935428975,0.12530545923163466,0.1228766213478251,0.11889105873939725,0.11793850513527455,0.03189769665272665,0.02813969406710768,0.014166870311418197,0.008727383913594434,0.005410431739706466,0.0,0.0,0.0,15.20500792610907,10.973901225090394,0.5890037639863095,0.5198493921260563,0.2964954911027793,0.03965635487221048,1.2099087645677544,0.20438100258760727,0.1843839278087344,0.16396232301228775,0.08553891764717064,0.0797594969418211,0.07137759115111476,0.05890215538739814,0.053054589607736624,0.04562281998812676,0.03761102863249589,0.037515752477332326,0.034252486298409136,0.021047573339664137,0.013797539151858523,0.004507484883006785,0.001545560619317772,0.0,0.0,0.0,0.0,0.0,0.0,0.0,0.0,0.0,0.0,0.0,0.0,0.0,0.0,0.0,0.0,0.0,0.0,0.0,0.0,0.0,0.0,0.0,0.0,0.0,0.0,0.0,0.0,0.0,0.0,0.0,0.0,0.0,0.0,0.0,0.0,0.0,0.0,0.0,0.0,0.0,0.0,0.0,0.0,0.0,0.0,0.0,0.0,0.0,0.0,0.0,0.0,0.0,0.0,0.0,8.747147798822935,0.1396291975282573,0.058917743687341664,0.05252734834232742,0.047461454851499586,0.023825987089140573,0.005669570127451064,0.003559766257164653,0.0027712223345758274,0.0,0.0,0.0,1.1302477133839013,1.2969550997357258,0.13175571420375606,0.1068675689581785,0.08058228812621772,0.05868824267212134,0.04349050493839327,0.0345629119199315,0.027632450692539025,0.017728912055252326,0.0,0.0,0.0,0.0,0.0,0.0,0.0,0.0,0.0,0.0,0.0,0.0,0.0,0.0,0.0,0.0,0.0,0.0,0.0,0.0,0.0,0.0,0.0,0.0,0.0,0.0,0.0,0.0,0.0,0.0,0.0,0.0,0.0,0.0,0.0,0.0,0.0,0.0,0.0
44,Pt,CHCH,4.336672,0.808692,1.84181,2,0,1,2,0,0,6.931651955025121,0.0,0.0,3.8405228032335033,3.840311167700608,0.11003841208446596,0.110032751234473,0.0,0.0,0.0,0.0,0.0,0.0,0.0,0.0,0.0,0.0,0.0,0.0,0.0,0.0,0.0,0.0,0.0,0.0,0.0,0.0,1.5652776934334982,1.5651003804732655,0.9791353653026076,0.9790615168794596,0.250357131749666,0.25032884125614263,0.1562577656413314,0.15624459721759698,0.02948294522371902,0.029479857854262288,0.021549980716415937,0.021548292194069688,0.020989974646958343,0.012429985248067509,0.01242968959930129,0.003861149326174783,0.003849524953244255,0.0030806218320326146,0.003080479430623513,0.0006475788841322425,0.0006469166295131022,0.0,0.0,0.0,0.0,0.0,0.0,0.0,0.0,0.0,0.0,0.0,0.0,0.0,0.0,0.0,0.0,0.0,0.0,0.0,0.0,0.0,0.0,0.0,0.0,0.0,0.0,0.0,0.0,0.0,0.0,0.0,0.0,0.0,0.0,0.0,0.0,0.0,0.0,0.0,0.0,0.0,0.0,0.0,0.0,0.0,0.0,0.0,0.0,0.0,0.0,0.0,0.0,0.0,0.0,0.0,0.0,0.0,0.0,0.0,0.0,0.0,0.0,0.0,0.0,0.0,0.0,0.0,0.0,0.0,0.0,0.0,0.0,0.0,0.0,0.0,0.0,0.0,0.0,0.0,0.0,0.0,0.0,0.0,0.0,0.0,0.0,0.0,0.0,0.0,0.0,0.0,0.0,0.0,0.0,0.0,0.0,0.0,0.0,0.0,0.0,0.0,0.0,0.0,0.0,0.0,0.0,0.0,0.0,0.0,0.0,0.0,0.0
45,Pt,CHCHCO,4.336672,0.808692,1.84181,3,0,2,2,1,0,5.022524002015143,4.436021189232315,0.3195560736454651,3.7311067822618615,3.7222222240055776,0.11957540728931115,0.11117130262946726,0.106120359644907,0.015607710591636518,0.0,0.0,0.0,0.0,0.0,0.0,0.0,0.0,0.0,0.0,0.0,0.0,18.982083021769252,0.5329010534550802,0.07195619945902479,0.0,0.0,0.0,1.4922613041129467,1.4631419689049043,1.273090872163157,1.2165444504010519,0.3583942113156473,0.2653187479893184,0.2375695904056639,0.2085089491727088,0.1695933799433391,0.14370410422666122,0.0985155124973241,0.08408234137177115,0.06786248469762024,0.038495547438646534,0.03367095799437217,0.03233379531195836,0.022145352978574485,0.017947654734709592,0.013379434620660284,0.009720243837698372,0.008860297281555013,0.005967743293315717,0.005783307429604714,0.0056893546592859815,0.003875611290946983,0.003095571475918199,0.0,0.0,0.0,0.0,0.0,0.0,0.0,0.0,0.0,0.0,0.0,0.0,0.0,0.0,0.0,0.0,0.0,0.0,0.0,0.0,0.0,0.0,0.0,0.0,0.0,0.0,0.0,0.0,0.0,0.0,0.0,0.0,0.0,0.0,0.0,0.0,0.0,0.0,0.0,0.0,0.0,0.0,0.0,0.0,0.0,0.0,0.05364044411842206,0.00581605445947,0.0,0.0,0.0,0.0,0.0,0.0,0.0,0.0,0.0,0.0,0.0,0.3248605681350272,0.035299997502192884,0.027430718743939216,0.017632829017287736,0.0052784011660216975,0.0044003119615034295,0.0,0.0,0.0,0.0,0.0,0.0,0.0,0.0,0.0,0.0,0.0,0.0,0.0,0.0,0.0,0.0,0.0,0.0,0.0,0.0,0.0,0.0,0.0,0.0,0.0,0.0,0.0,0.0,0.0,0.0,0.0,0.0,0.0,0.0,0.0,0.0,0.0,0.0,0.0,0.0,0.0,0.0
46,Pt,CHCHCOOH,4.336672,0.808692,1.84181,2,0,2,2,2,1,4.920465142751001,4.784875180031438,0.30866757625565056,3.762306994393183,3.7109427805972564,0.2445005827610813,0.1364546664844569,0.12233976942867808,0.1040566195055883,0.02022614828595983,0.01455163308854255,0.0009480626750052485,0.0,0.0,0.0,0.0,0.0,0.0,0.0,0.0,0.0,15.764642781180456,10.87505382089961,0.6261042630613357,0.4995291336506139,0.11621506411509867,0.0657649049981448,1.4470448675439,1.3256953680201649,1.2553267458295048,0.3432939384795942,0.20446593361208645,0.2037580534399488,0.1962056756209223,0.16617346496318727,0.08252653059987004,0.06823075041045029,0.04110232563802863,0.039609013310700485,0.024333706388029647,0.02039523261232816,0.01899874784814811,0.0077970146514492735,0.00639739697315482,0.005200473441450497,0.004550116675032682,0.0006528289750731449,0.0,0.0,0.0,0.0,0.0,0.0,0.0,0.0,0.0,0.0,0.0,0.0,0.0,0.0,0.0,0.0,0.0,0.0,0.0,0.0,0.0,0.0,0.0,0.0,0.0,0.0,0.0,0.0,0.0,0.0,0.0,0.0,0.0,0.0,0.0,0.0,0.0,0.0,0.0,0.0,0.0,0.0,0.0,0.0,0.0,0.0,0.0,0.0,0.0,0.0,0.0,0.0,8.739844764325735,0.13490797279900882,0.09729637373552437,0.015952251567704058,0.0074751215992033375,0.006930094730965107,0.0,0.0,0.0,0.0,0.0,0.0,1.1227432111357076,1.1705907755886842,0.13327038118884355,0.10934608317044993,0.08178718770264096,0.05464687318796972,0.0456212869470038,0.039133016467622884,0.028086664514152208,0.009536075913162648,0.0,0.0,0.0,0.0,0.0,0.0,0.0,0.0,0.0,0.0,0.0,0.0,0.0,0.0,0.0,0.0,0.0,0.0,0.0,0.0,0.0,0.0,0.0,0.0,0.0,0.0,0.0,0.0,0.0,0.0,0.0,0.0,0.0,0.0,0.0,0.0,0.0,0.0,0.0
47,Pt,CO,4.336672,0.808692,1.84181,1,0,0,0,1,0,0.0,0.0,0.0,0.0,0.0,0.0,0.0,0.0,0.0,0.0,0.0,0.0,0.0,0.0,0.0,0.0,0.0,0.0,0.0,0.0,0.0,19.676989736172885,0.0,0.0,0.0,0.0,0.0,1.2298012462738608,1.2298012462738597,1.2175007568346423,0.06123677525603094,0.05915179660601243,0.05915179660601232,0.020320885345398717,0.020098098888145455,0.020098098888145455,0.0,0.0,0.0,0.0,0.0,0.0,0.0,0.0,0.0,0.0,0.0,0.0,0.0,0.0,0.0,0.0,0.0,0.0,0.0,0.0,0.0,0.0,0.0,0.0,0.0,0.0,0.0,0.0,0.0,0.0,0.0,0.0,0.0,0.0,0.0,0.0,0.0,0.0,0.0,0.0,0.0,0.0,0.0,0.0,0.0,0.0,0.0,0.0,0.0,0.0,0.0,0.0,0.0,0.0,0.0,0.0,0.0,0.0,0.0,0.0,0.0,0.0,0.0,0.0,0.0,0.0,0.0,0.0,0.0,0.0,0.0,0.0,0.0,0.0,0.0,0.0,0.2530142503826361,0.25301425038263586,0.24680011501700064,0.01668010805486423,0.014015037936098276,0.014015037936098172,0.0,0.0,0.0,0.0,0.0,0.0,0.0,0.0,0.0,0.0,0.0,0.0,0.0,0.0,0.0,0.0,0.0,0.0,0.0,0.0,0.0,0.0,0.0,0.0,0.0,0.0,0.0,0.0,0.0,0.0,0.0,0.0,0.0,0.0,0.0,0.0,0.0,0.0,0.0,0.0,0.0,0.0
48,Pt,CO2,4.336672,0.808692,1.84181,0,0,0,0,2,0,0.0,0.0,0.0,0.0,0.0,0.0,0.0,0.0,0.0,0.0,0.0,0.0,0.0,0.0,0.0,0.0,0.0,0.0,0.0,0.0,0.0,21.31366325844021,21.30456410067294,0.0,0.0,0.0,0.0,0.03797697943779421,0.03273753911678688,0.008992771868822727,0.004290788257828887,0.0,0.0,0.0,0.0,0.0,0.0,0.0,0.0,0.0,0.0,0.0,0.0,0.0,0.0,0.0,0.0,0.0,0.0,0.0,0.0,0.0,0.0,0.0,0.0,0.0,0.0,0.0,0.0,0.0,0.0,0.0,0.0,0.0,0.0,0.0,0.0,0.0,0.0,0.0,0.0,0.0,0.0,0.0,0.0,0.0,0.0,0.0,0.0,0.0,0.0,0.0,0.0,0.0,0.0,0.0,0.0,0.0,0.0,0.0,0.0,0.0,0.0,0.0,0.0,0.0,0.0,0.0,0.0,0.0,0.0,0.0,0.0,0.0,0.0,0.0,0.0,0.0,0.0,0.0,0.0,0.8542812036563991,0.08386800333685973,0.08222747755904902,0.006876111370166374,0.004614305651345602,0.0024912308760833423,0.0019643141907515066,0.0,0.0,0.0,0.0,0.0,0.0,0.0,0.0,0.0,0.0,0.0,0.0,0.0,0.0,0.0,0.0,0.0,0.0,0.0,0.0,0.0,0.0,0.0,0.0,0.0,0.0,0.0,0.0,0.0,0.0,0.0,0.0,0.0,0.0,0.0,0.0,0.0,0.0,0.0,0.0,0.0,0.0
49,Pt,COOH,4.336672,0.808692,1.84181,1,0,0,0,2,1,0.0,0.0,0.0,0.2438594126144321,0.0,0.0,0.0,0.0,0.0,0.0,0.0,0.0,0.0,0.0,0.0,0.0,0.0,0.0,0.0,0.0,0.0,15.1472380644854,11.272834472251635,0.0,0.0,0.0,0.0,1.7518647536370044,0.25150337688382063,0.11292120662965555,0.1097311241467512,0.036064645747909636,0.034540977950264534,0.019495175435897363,0.003511020705048898,0.0,0.0,0.0,0.0,0.0,0.0,0.0,0.0,0.0,0.0,0.0,0.0,0.0,0.0,0.0,0.0,0.0,0.0,0.0,0.0,0.0,0.0,0.0,0.0,0.0,0.0,0.0,0.0,0.0,0.0,0.0,0.0,0.0,0.0,0.0,0.0,0.0,0.0,0.0,0.0,0.0,0.0,0.0,0.0,0.0,0.0,0.0,0.0,0.0,0.0,0.0,0.0,0.0,0.0,0.0,0.0,0.0,0.0,0.0,0.0,0.0,0.0,0.0,0.0,8.603689359921052,0.12778823108731738,0.0,0.0,0.0,0.0,0.0,0.0,0.0,0.0,0.0,0.0,1.094240016055323,1.13307091653432,0.3526408371178853,0.3187214282607451,0.12404936828566007,0.1200327444659536,0.034332240173586034,0.03227120601323507,0.024764167335798275,0.02249387600299968,0.017730517882962503,0.01745953312812091,0.01589121663985512,0.01234050272349778,0.0,0.0,0.0,0.0,0.0,0.0,0.0,0.0,0.0,0.0,0.0,0.0,0.0,0.0,0.0,0.0,0.0,0.0,0.0,0.0,0.0,0.0,0.0,0.0,0.0,0.0,0.0,0.0,0.0,0.0,0.0,0.0,0.0,0.0,0.0
50,Pt,H2O,4.336672,0.808692,1.84181,0,0,0,0,0,2,0.0,0.0,0.0,0.0,0.0,0.0,0.0,0.0,0.0,0.0,0.0,0.0,0.0,0.0,0.0,0.0,0.0,0.0,0.0,0.0,0.0,0.0,0.0,0.0,0.0,0.0,0.0,0.0,0.0,0.0,0.0,0.0,0.0,0.0,0.0,0.0,0.0,0.0,0.0,0.0,0.0,0.0,0.0,0.0,0.0,0.0,0.0,0.0,0.0,0.0,0.0,0.0,0.0,0.0,0.0,0.0,0.0,0.0,0.0,0.0,0.0,0.0,0.0,0.0,0.0,0.0,0.0,0.0,0.0,0.0,0.0,0.0,0.0,0.0,0.0,0.0,0.0,0.0,0.0,0.0,0.0,0.0,0.0,0.0,0.0,0.0,0.0,0.0,0.0,0.0,0.0,0.0,0.0,0.0,0.0,0.0,0.0,0.0,0.0,8.88697858306919,8.880680805028238,0.0,0.0,0.0,0.0,0.0,0.0,0.0,0.0,0.0,0.0,0.0,0.8607464525958223,0.07190436724394987,0.06787485512202504,0.061460878265862835,0.054174413721765326,0.04882681593234934,0.0,0.0,0.0,0.0,0.0,0.0,0.0,0.0,0.0,0.0,0.0,0.0,0.0,0.0,0.0,0.0,0.0,0.0,0.0,0.0,0.0,0.0,0.0,0.0,0.0,0.0,0.0,0.0,0.0,0.0,0.0,0.0,0.0,0.0,0.0,0.0,0.0,0.0,0.0,0.0,0.0,0.0
51,Pt,OH,4.336672,0.808692,1.84181,0,1,0,0,0,1,0.0,0.0,0.0,0.0,0.0,0.0,0.0,0.0,0.0,0.0,0.0,0.0,0.0,0.0,0.0,0.0,0.0,0.0,0.0,0.0,0.0,0.0,0.0,0.0,0.0,0.0,0.0,0.0,0.0,0.0,0.0,0.0,0.0,0.0,0.0,0.0,0.0,0.0,0.0,0.0,0.0,0.0,0.0,0.0,0.0,0.0,0.0,0.0,0.0,0.0,0.0,0.0,0.0,0.0,0.0,0.0,0.0,0.0,0.0,0.0,0.0,0.0,0.0,0.0,0.0,0.0,0.0,0.0,0.0,0.0,0.0,0.0,0.0,0.0,0.0,0.0,0.0,0.0,0.0,0.0,0.0,0.0,0.0,0.0,0.0,0.0,0.0,0.0,0.0,0.0,0.0,0.0,0.0,0.0,0.0,0.0,0.0,0.0,0.0,8.669993708759671,0.0,0.0,0.0,0.0,0.0,0.0,0.0,0.0,0.0,0.0,0.0,0.0,1.4781773097092827,1.4781773097091406,0.2397651257419189,0.2155011203422786,0.02666382553123037,0.02581641563261091,0.02581641563261091,0.0193329846400852,0.019332984640085128,0.0,0.0,0.0,0.0,0.0,0.0,0.0,0.0,0.0,0.0,0.0,0.0,0.0,0.0,0.0,0.0,0.0,0.0,0.0,0.0,0.0,0.0,0.0,0.0,0.0,0.0,0.0,0.0,0.0,0.0,0.0,0.0,0.0,0.0,0.0,0.0,0.0,0.0,0.0
52,Ru,CH2C,3.6412,-0.31956,1.4461600000000001,2,0,1,2,0,0,6.470626886515263,0.0,0.0,3.8437544540347943,3.8261807107640617,0.12002312540697925,0.11966008087037022,0.0,0.0,0.0,0.0,0.0,0.0,0.0,0.0,0.0,0.0,0.0,0.0,0.0,0.0,0.0,0.0,0.0,0.0,0.0,0.0,1.1522990505156152,1.1520560242235065,0.963799909536344,0.6327991651534466,0.1054645951055014,0.10446545439909992,0.06669788645599592,0.06451777132734056,0.05739283485244812,0.057241793158175375,0.04348921460490164,0.04252568968186654,0.005630752485645773,0.005614323316155606,0.005186083222973998,0.005152106168385604,0.00466511115905862,0.004624318132735318,0.0039642375463289255,0.003788531488290815,0.0037649625402647077,0.001200629730170457,0.0,0.0,0.0,0.0,0.0,0.0,0.0,0.0,0.0,0.0,0.0,0.0,0.0,0.0,0.0,0.0,0.0,0.0,0.0,0.0,0.0,0.0,0.0,0.0,0.0,0.0,0.0,0.0,0.0,0.0,0.0,0.0,0.0,0.0,0.0,0.0,0.0,0.0,0.0,0.0,0.0,0.0,0.0,0.0,0.0,0.0,0.0,0.0,0.0,0.0,0.0,0.0,0.0,0.0,0.0,0.0,0.0,0.0,0.0,0.0,0.0,0.0,0.0,0.0,0.0,0.0,0.0,0.0,0.0,0.0,0.0,0.0,0.0,0.0,0.0,0.0,0.0,0.0,0.0,0.0,0.0,0.0,0.0,0.0,0.0,0.0,0.0,0.0,0.0,0.0,0.0,0.0,0.0,0.0,0.0,0.0,0.0,0.0,0.0,0.0,0.0,0.0,0.0,0.0,0.0,0.0,0.0,0.0,0.0,0.0,0.0
53,Ru,CH2CH,3.6412,-0.31956,1.4461600000000001,2,0,1,3,0,0,6.046377110608437,0.0,0.0,3.870713953942687,3.8264455547722127,2.4804813732228768,0.1251670729287808,0.11729328678994548,0.11700700169794367,0.0,0.0,0.0,0.0,0.0,0.0,0.0,0.0,0.0,0.0,0.0,0.0,0.0,0.0,0.0,0.0,0.0,0.0,1.0613583700525662,0.8181611569001136,0.7622710737236332,0.6959434584344469,0.10903706124639233,0.07052245230331199,0.06480419381882052,0.058430716469324885,0.05548073948528233,0.047173246214958615,0.044281650534692914,0.029915260193770013,0.005429894665056338,0.005170000723897297,0.002487423578123076,0.0021361855674893217,0.0014590725675145619,0.0014147969072518668,0.0009081581531196967,0.0,0.0,0.0,0.0,0.0,0.0,0.0,0.0,0.0,0.0,0.0,0.0,0.0,0.0,0.0,0.0,0.0,0.0,0.0,0.0,0.0,0.0,0.0,0.0,0.0,0.0,0.0,0.0,0.0,0.0,0.0,0.0,0.0,0.0,0.0,0.0,0.0,0.0,0.0,0.0,0.0,0.0,0.0,0.0,0.0,0.0,0.0,0.0,0.0,0.0,0.0,0.0,0.0,0.0,0.0,0.0,0.0,0.0,0.0,0.0,0.0,0.0,0.0,0.0,0.0,0.0,0.0,0.0,0.0,0.0,0.0,0.0,0.0,0.0,0.0,0.0,0.0,0.0,0.0,0.0,0.0,0.0,0.0,0.0,0.0,0.0,0.0,0.0,0.0,0.0,0.0,0.0,0.0,0.0,0.0,0.0,0.0,0.0,0.0,0.0,0.0,0.0,0.0,0.0,0.0,0.0,0.0,0.0,0.0,0.0,0.0,0.0,0.0,0.0
54,Ru,CH2CH2,3.6412,-0.31956,1.4461600000000001,2,0,1,4,0,0,5.544731101520722,0.0,0.0,3.8726130061384554,3.870464664872888,3.1642471064198285,3.1012824853796626,0.11660897123119883,0.11622412059709256,0.11617658033319378,0.1161612255614696,0.0,0.0,0.0,0.0,0.0,0.0,0.0,0.0,0.0,0.0,0.0,0.0,0.0,0.0,0.0,0.0,0.8263260475886206,0.7070392798063095,0.5196949994079586,0.4994548750752388,0.06156624401561396,0.058377471989256226,0.04970479395825243,0.04537067305268082,0.04383612296605534,0.04267416436814744,0.03991819178305515,0.034969585338686604,0.02525122067073915,0.001052343145172628,0.0,0.0,0.0,0.0,0.0,0.0,0.0,0.0,0.0,0.0,0.0,0.0,0.0,0.0,0.0,0.0,0.0,0.0,0.0,0.0,0.0,0.0,0.0,0.0,0.0,0.0,0.0,0.0,0.0,0.0,0.0,0.0,0.0,0.0,0.0,0.0,0.0,0.0,0.0,0.0,0.0,0.0,0.0,0.0,0.0,0.0,0.0,0.0,0.0,0.0,0.0,0.0,0.0,0.0,0.0,0.0,0.0,0.0,0.0,0.0,0.0,0.0,0.0,0.0,0.0,0.0,0.0,0.0,0.0,0.0,0.0,0.0,0.0,0.0,0.0,0.0,0.0,0.0,0.0,0.0,0.0,0.0,0.0,0.0,0.0,0.0,0.0,0.0,0.0,0.0,0.0,0.0,0.0,0.0,0.0,0.0,0.0,0.0,0.0,0.0,0.0,0.0,0.0,0.0,0.0,0.0,0.0,0.0,0.0,0.0,0.0,0.0,0.0,0.0,0.0,0.0,0.0,0.0,0.0
55,Ru,CH2CHCO,3.6412,-0.31956,1.4461600000000001,3,1,2,3,1,0,5.704745196245807,5.674950584755516,0.3404023327257317,3.838224062422672,3.75499455850024,3.0025549666142792,0.12431925989557918,0.11870834123551414,0.11617560150732245,0.10987729207828384,0.03114214258775732,0.008689946138498056,0.0,0.0,0.0,0.0,0.0,0.0,0.0,0.0,0.0,12.241095982992789,0.6061247138709748,0.0434414396982404,0.0,0.0,0.0,0.9986383789890768,0.7677149478975719,0.6088164229370742,0.5630139276852396,0.4818044737696535,0.4631540942110901,0.2509583963345027,0.11816181067333832,0.07626667619892552,0.07321274303889404,0.0659175835903135,0.05141593782237576,0.032495554379149964,0.026793618949349653,0.023015794906770498,0.01939660527876015,0.017015781877474656,0.0146896406334055,0.011051813022786877,0.009286336079604943,0.007842845583019831,0.006977256518008009,0.00573146899175515,0.004676815648645444,0.0036851210592688008,0.002768193361142413,0.0013625769943233848,0.0008571764312044068,0.0,0.0,0.0,0.0,0.0,0.0,0.0,0.0,0.0,0.0,0.0,0.0,0.0,0.0,0.0,0.0,0.0,0.0,0.0,0.0,0.0,0.0,0.0,0.0,0.0,0.0,0.0,0.0,0.0,0.0,0.0,0.0,0.0,0.0,0.0,0.0,0.0,0.0,0.0,0.0,0.0,0.0,0.0,0.0,0.061612512568854715,0.002936823987395943,0.0,0.0,0.0,0.0,0.0,0.0,0.0,0.0,0.0,0.0,0.0,1.2222255527473456,0.2158324282415087,0.1011814631920451,0.00984998152462424,0.0,0.0,0.0,0.0,0.0,0.0,0.0,0.0,0.0,0.0,0.0,0.0,0.0,0.0,0.0,0.0,0.0,0.0,0.0,0.0,0.0,0.0,0.0,0.0,0.0,0.0,0.0,0.0,0.0,0.0,0.0,0.0,0.0,0.0,0.0,0.0,0.0,0.0,0.0,0.0,0.0,0.0,0.0,0.0
56,Ru,CH2CHCOOH,3.6412,-0.31956,1.4461600000000001,2,0,2,3,2,1,5.790244486998365,5.267616057802277,0.33480306987714364,3.9035760597526834,3.4981545610264053,3.179867241515537,0.24611491923628426,0.12996973523084862,0.12350742888313332,0.11708774582068708,0.1111717297371995,0.04032208836647472,0.015394312990742644,0.010060692787025531,0.00043411183398849636,0.0,0.0,0.0,0.0,0.0,0.0,14.44946100786468,10.732716644641407,0.6398669101390272,0.5508674493449667,0.1807760436992175,0.0458049519423493,0.769173581324652,0.6525626173512058,0.5306638645468352,0.41501017117504296,0.1629482819637154,0.15651407184169258,0.0831428681978828,0.06376162791425594,0.06237676820676965,0.05281885063907359,0.048945252391867235,0.04288405166956805,0.034844809674207375,0.023982325185688727,0.012027295016879271,0.009340335185372329,0.008952031965044502,0.008690810566082372,0.005559933400708199,0.0006075108861005041,0.00037711984685935915,0.0,0.0,0.0,0.0,0.0,0.0,0.0,0.0,0.0,0.0,0.0,0.0,0.0,0.0,0.0,0.0,0.0,0.0,0.0,0.0,0.0,0.0,0.0,0.0,0.0,0.0,0.0,0.0,0.0,0.0,0.0,0.0,0.0,0.0,0.0,0.0,0.0,0.0,0.0,0.0,0.0,0.0,0.0,0.0,0.0,0.0,0.0,0.0,0.0,0.0,0.0,8.786966806366284,0.13129058438854416,0.08047770797510058,0.05170283714542479,0.015261084272448959,0.0044598069011576045,0.0035691443701424135,0.0007289422399534224,0.0,0.0,0.0,0.0,1.0696008691187122,1.0583603474847525,0.09719426838638986,0.08023330193847328,0.06772742400315175,0.06678454196700799,0.056426213781780775,0.05463717267705905,0.05429268233743785,0.02539863901451886,0.02293267582367419,0.0,0.0,0.0,0.0,0.0,0.0,0.0,0.0,0.0,0.0,0.0,0.0,0.0,0.0,0.0,0.0,0.0,0.0,0.0,0.0,0.0,0.0,0.0,0.0,0.0,0.0,0.0,0.0,0.0,0.0,0.0,0.0,0.0,0.0,0.0,0.0,0.0,0.0
57,Ru,CH3C,3.6412,-0.31956,1.4461600000000001,1,0,1,3,0,0,4.674506225262321,0.0,0.0,3.7066918395309623,3.7056809177959247,3.7045859776944874,0.12537840056398789,0.12533275387667395,0.12510244713389024,0.0,0.0,0.0,0.0,0.0,0.0,0.0,0.0,0.0,0.0,0.0,0.0,0.0,0.0,0.0,0.0,0.0,0.0,1.114771463437073,1.1032256954905786,1.1018296332578612,0.10352768817264936,0.10317043856809197,0.10234717836853388,0.06838535043446052,0.06113240625485554,0.06089489425105921,0.058330586027927615,0.007613826351228732,0.0073467979821553,0.006751390272943639,0.005045384687600716,0.005018802810987103,0.0049043586371476785,0.00485651870439644,0.004833490854141274,0.004812369509215556,0.004278916982104829,0.004257031591517968,0.004048282342628329,0.004006209096390781,0.003687296349171528,0.0,0.0,0.0,0.0,0.0,0.0,0.0,0.0,0.0,0.0,0.0,0.0,0.0,0.0,0.0,0.0,0.0,0.0,0.0,0.0,0.0,0.0,0.0,0.0,0.0,0.0,0.0,0.0,0.0,0.0,0.0,0.0,0.0,0.0,0.0,0.0,0.0,0.0,0.0,0.0,0.0,0.0,0.0,0.0,0.0,0.0,0.0,0.0,0.0,0.0,0.0,0.0,0.0,0.0,0.0,0.0,0.0,0.0,0.0,0.0,0.0,0.0,0.0,0.0,0.0,0.0,0.0,0.0,0.0,0.0,0.0,0.0,0.0,0.0,0.0,0.0,0.0,0.0,0.0,0.0,0.0,0.0,0.0,0.0,0.0,0.0,0.0,0.0,0.0,0.0,0.0,0.0,0.0,0.0,0.0,0.0,0.0,0.0,0.0,0.0,0.0,0.0,0.0,0.0,0.0,0.0,0.0,0.0,0.0
58,Ru,CH3CCO,3.6412,-0.31956,1.4461600000000001,2,0,2,3,1,0,6.053523589677546,4.5028969979926625,0.32047186499066643,3.794459165837093,3.710848957430792,3.70985912202891,0.1271740086833768,0.1270634276698328,0.11737557471572888,0.030235857233985038,0.02985010101495458,0.008674249829786445,0.0,0.0,0.0,0.0,0.0,0.0,0.0,0.0,0.0,13.771332219620435,0.42249714671987776,0.1192567831474666,0.0,0.0,0.0,0.8301666146566631,0.813106091134804,0.7445388653504234,0.7166040729735833,0.6395025321084281,0.629489146155756,0.11304281309591588,0.08358927075013756,0.053313912163605134,0.047682269991327984,0.04677188292190794,0.046476106038153886,0.04550942077031238,0.045502351254131566,0.01573776108260641,0.01547122665836414,0.01471468612059116,0.0028877515566346594,0.0024899890420948985,0.002458228462271804,0.0023515242737075226,0.00073593496704185,0.0007316878406579165,0.0002210092853240711,6.868618028795306e-05,0.0,0.0,0.0,0.0,0.0,0.0,0.0,0.0,0.0,0.0,0.0,0.0,0.0,0.0,0.0,0.0,0.0,0.0,0.0,0.0,0.0,0.0,0.0,0.0,0.0,0.0,0.0,0.0,0.0,0.0,0.0,0.0,0.0,0.0,0.0,0.0,0.0,0.0,0.0,0.0,0.0,0.0,0.0,0.0,0.0,0.0,0.0,0.019841370002811352,0.01977065661955661,0.00139597194780552,0.0,0.0,0.0,0.0,0.0,0.0,0.0,0.0,0.0,0.0,0.9787124894159984,0.14525005233163188,0.14468868616342812,0.060216629067724875,0.06015493058246231,0.027675936162513168,0.025591402471840392,0.0035981197942957436,0.0,0.0,0.0,0.0,0.0,0.0,0.0,0.0,0.0,0.0,0.0,0.0,0.0,0.0,0.0,0.0,0.0,0.0,0.0,0.0,0.0,0.0,0.0,0.0,0.0,0.0,0.0,0.0,0.0,0.0,0.0,0.0,0.0,0.0,0.0,0.0,0.0,0.0,0.0,0.0
59,Ru,CH3CCOO,3.6412,-0.31956,1.4461600000000001,1,1,2,3,2,0,4.596735749077096,4.422198312770054,0.3570990216864211,3.7200159240831967,3.7172207935550015,3.1110833592916407,0.12013168104320067,0.1199115689252283,0.09243083305134114,0.03416737733245121,0.03414232280032252,0.007538866654929011,0.0,0.0,0.0,0.0,0.0,0.0,0.0,0.0,0.0,17.089822434598688,10.967242619588204,0.5931328644580762,0.520799829992485,0.30664187821993344,0.03994093793023195,0.8896099673540555,0.8893204993104389,0.2627132072067362,0.2285458927265316,0.16508135631601767,0.1296769039971684,0.12752931245275026,0.11936290699366385,0.10478393657962297,0.1037697478794343,0.025592544756951118,0.023614990744093727,0.02132354536177524,0.01656830459047479,0.014903842103278803,0.011596813921279966,0.010475195982030769,0.007455593361604287,0.0073973846745908,0.006670190543962749,0.002018872209429961,0.001845595179593516,0.0,0.0,0.0,0.0,0.0,0.0,0.0,0.0,0.0,0.0,0.0,0.0,0.0,0.0,0.0,0.0,0.0,0.0,0.0,0.0,0.0,0.0,0.0,0.0,0.0,0.0,0.0,0.0,0.0,0.0,0.0,0.0,0.0,0.0,0.0,0.0,0.0,0.0,0.0,0.0,0.0,0.0,0.0,0.0,0.0,0.0,0.0,0.0,0.0,0.0,0.05456073055947594,0.05358792044373256,0.0052073788790470785,0.0031969679644750578,0.0031274083663544268,0.0,0.0,0.0,0.0,0.0,0.0,0.0,1.1095607354623351,1.6031543054975117,0.11534117461777052,0.1094712080052363,0.08958620314931473,0.07831320110816499,0.06623072969504956,0.018010728598842583,0.017140732368138758,0.017104059349399483,0.0054017169175295116,0.002797347738035368,0.0022622607134564245,0.0,0.0,0.0,0.0,0.0,0.0,0.0,0.0,0.0,0.0,0.0,0.0,0.0,0.0,0.0,0.0,0.0,0.0,0.0,0.0,0.0,0.0,0.0,0.0,0.0,0.0,0.0,0.0,0.0,0.0,0.0,0.0,0.0,0.0,0.0,0.0
60,Ru,CH3CCOOH,3.6412,-0.31956,1.4461600000000001,1,1,2,3,2,1,5.900060674919697,4.4112223506304895,0.3679818648306019,3.7095269058118383,3.7027473639478736,3.203168630064672,0.24531587702045085,0.11762956664385706,0.11719866040394256,0.09660962309389576,0.03264979201118095,0.03203250736808667,0.014859310576501784,0.008267219650664974,0.005974243799299229,0.0,0.0,0.0,0.0,0.0,0.0,13.934595019691454,10.530126696470967,0.5983336894170234,0.5408072101993221,0.3232013903751701,0.04232030542051645,0.8065548962165917,0.802804561343127,0.2409867059223492,0.2118154590184078,0.17690532227245415,0.14499881163730186,0.13779333545216754,0.11238857061633042,0.09563292902170643,0.09547231124530453,0.023880087487939176,0.023391195102316714,0.02166897745751496,0.021508695767977544,0.01916013892896805,0.01804994424420158,0.015761142920976818,0.01004954546298583,0.00997178579353817,0.007986704903121429,0.005892401170482592,0.005864463485481752,0.0034856690945986968,0.0033740649451514185,0.001066779373122717,0.0,0.0,0.0,0.0,0.0,0.0,0.0,0.0,0.0,0.0,0.0,0.0,0.0,0.0,0.0,0.0,0.0,0.0,0.0,0.0,0.0,0.0,0.0,0.0,0.0,0.0,0.0,0.0,0.0,0.0,0.0,0.0,0.0,0.0,0.0,0.0,0.0,0.0,0.0,0.0,0.0,0.0,0.0,0.0,0.0,0.0,0.0,8.834261112499535,0.14832821121596546,0.05782770527736324,0.053254076452990566,0.005628009264926842,0.0033211297641235,0.003281522009637295,0.0,0.0,0.0,0.0,0.0,1.125214553597952,1.2593713079548547,0.1052925588611832,0.1039394455520889,0.07552376557108358,0.07251390418524764,0.015566610107551115,0.013499422872596131,0.01267090869062427,0.0024443027503020897,0.0,0.0,0.0,0.0,0.0,0.0,0.0,0.0,0.0,0.0,0.0,0.0,0.0,0.0,0.0,0.0,0.0,0.0,0.0,0.0,0.0,0.0,0.0,0.0,0.0,0.0,0.0,0.0,0.0,0.0,0.0,0.0,0.0,0.0,0.0,0.0,0.0,0.0,0.0
61,Ru,CH3CH,3.6412,-0.31956,1.4461600000000001,1,0,1,4,0,0,4.377257275290948,0.0,0.0,3.7726263034325656,3.684371433864848,3.6839731554917337,1.9816937833823105,0.15350348185031568,0.12140010429575693,0.12025162672440935,0.1201980013919134,0.0,0.0,0.0,0.0,0.0,0.0,0.0,0.0,0.0,0.0,0.0,0.0,0.0,0.0,0.0,0.0,0.970420304340118,0.9697240023927832,0.7752031801643102,0.10946233502467398,0.10739237666988284,0.059826044111098535,0.04993759939105283,0.049708548707695865,0.04816170936396541,0.04561480415693238,0.02202799699152954,0.004219916086895557,0.004173826114118446,0.0026749577090106127,0.00238322528070661,0.002365692928299898,0.0012076121196905045,0.0011602036459882233,0.00017183999750244525,0.0001449853232248742,0.0,0.0,0.0,0.0,0.0,0.0,0.0,0.0,0.0,0.0,0.0,0.0,0.0,0.0,0.0,0.0,0.0,0.0,0.0,0.0,0.0,0.0,0.0,0.0,0.0,0.0,0.0,0.0,0.0,0.0,0.0,0.0,0.0,0.0,0.0,0.0,0.0,0.0,0.0,0.0,0.0,0.0,0.0,0.0,0.0,0.0,0.0,0.0,0.0,0.0,0.0,0.0,0.0,0.0,0.0,0.0,0.0,0.0,0.0,0.0,0.0,0.0,0.0,0.0,0.0,0.0,0.0,0.0,0.0,0.0,0.0,0.0,0.0,0.0,0.0,0.0,0.0,0.0,0.0,0.0,0.0,0.0,0.0,0.0,0.0,0.0,0.0,0.0,0.0,0.0,0.0,0.0,0.0,0.0,0.0,0.0,0.0,0.0,0.0,0.0,0.0,0.0,0.0,0.0,0.0,0.0,0.0,0.0,0.0,0.0,0.0,0.0,0.0
62,Ru,CH3CH2,3.6412,-0.31956,1.4461600000000001,1,0,1,5,0,0,4.348803409445711,0.0,0.0,3.775420111633068,3.680698916150194,3.6550145112388335,3.282153563865037,2.8843165468302367,0.1215074134126598,0.1192825262918076,0.11812623951787027,0.11587249542847528,0.10095444250882926,0.0,0.0,0.0,0.0,0.0,0.0,0.0,0.0,0.0,0.0,0.0,0.0,0.0,0.0,0.7654323232137178,0.474841815823917,0.2023250491731376,0.1742764911863708,0.09919185178591217,0.08473918386743437,0.057670879532912174,0.03263101673809265,0.02317346158109635,0.01372719552397457,0.012107425423462548,0.011981610937673077,0.011471160140369195,0.005072956554456372,0.003116410854885638,0.002752257286638925,0.0006905336358677544,0.0,0.0,0.0,0.0,0.0,0.0,0.0,0.0,0.0,0.0,0.0,0.0,0.0,0.0,0.0,0.0,0.0,0.0,0.0,0.0,0.0,0.0,0.0,0.0,0.0,0.0,0.0,0.0,0.0,0.0,0.0,0.0,0.0,0.0,0.0,0.0,0.0,0.0,0.0,0.0,0.0,0.0,0.0,0.0,0.0,0.0,0.0,0.0,0.0,0.0,0.0,0.0,0.0,0.0,0.0,0.0,0.0,0.0,0.0,0.0,0.0,0.0,0.0,0.0,0.0,0.0,0.0,0.0,0.0,0.0,0.0,0.0,0.0,0.0,0.0,0.0,0.0,0.0,0.0,0.0,0.0,0.0,0.0,0.0,0.0,0.0,0.0,0.0,0.0,0.0,0.0,0.0,0.0,0.0,0.0,0.0,0.0,0.0,0.0,0.0,0.0,0.0,0.0,0.0,0.0,0.0,0.0,0.0,0.0,0.0,0.0,0.0,0.0,0.0,0.0,0.0
63,Ru,CH3CH2CO,3.6412,-0.31956,1.4461600000000001,1,1,2,5,1,0,4.514606494373259,4.191198177732256,0.33205329870819594,3.7767267208446023,3.774504221367762,3.758452344642909,3.730530636400677,3.6600404053772633,0.13851087280774996,0.13026546763872393,0.1211142319351308,0.11934831041697555,0.11760430149610447,0.1175421728620212,0.11746423857560585,0.03248893544513578,0.031960468047691586,0.008662612816894715,0.0,0.0,0.0,14.097073065411525,0.603224555057827,0.17079717724952015,0.0,0.0,0.0,1.1642163025819725,0.2489860362427393,0.1095491142861797,0.10891200563190348,0.10021031501369833,0.0308429707641519,0.014411449998199209,0.011150552658083505,0.010312400110360859,0.00893369293795511,0.008898312218210438,0.008862307838424996,0.007177747961685659,0.006263877555749429,0.004247023239313154,0.0018732808144423282,0.0017534057765381215,0.0003143799244522648,0.0,0.0,0.0,0.0,0.0,0.0,0.0,0.0,0.0,0.0,0.0,0.0,0.0,0.0,0.0,0.0,0.0,0.0,0.0,0.0,0.0,0.0,0.0,0.0,0.0,0.0,0.0,0.0,0.0,0.0,0.0,0.0,0.0,0.0,0.0,0.0,0.0,0.0,0.0,0.0,0.0,0.0,0.0,0.0,0.0,0.0,0.0,0.0,0.0,0.0,0.0,0.0,0.0,0.0,0.0608924219364532,0.04499229297682704,0.016988854212932777,0.013866805492374193,0.003510186493270773,0.0,0.0,0.0,0.0,0.0,0.0,0.0,0.0,1.1597766388829815,0.24848087710893216,0.11463219650699437,0.11040901230786526,0.04274157196281017,0.025501315748995838,0.0075695341624906,0.0002656251063791852,0.0,0.0,0.0,0.0,0.0,0.0,0.0,0.0,0.0,0.0,0.0,0.0,0.0,0.0,0.0,0.0,0.0,0.0,0.0,0.0,0.0,0.0,0.0,0.0,0.0,0.0,0.0,0.0,0.0,0.0,0.0,0.0,0.0,0.0,0.0,0.0,0.0,0.0,0.0,0.0
64,Ru,CH3CH2COO,3.6412,-0.31956,1.4461600000000001,0,2,2,5,2,0,4.515237698101643,4.355884725435712,0.3045879934625255,3.772409519123451,3.769355189470992,3.7569140453474157,3.697283262188738,3.6921929005522527,0.14031814949528185,0.14024635967047294,0.12373306351078693,0.11919074385847506,0.1191737119651718,0.11804150374811373,0.11776597004182995,0.028915370189304027,0.0285249757555187,0.00819265572311784,0.0,0.0,0.0,14.061944830678529,13.879134112317868,0.6004532377889007,0.5733485126141672,0.2597041389617264,0.0410436066961509,0.13765182302298054,0.13725730414826012,0.039270026297930624,0.03816228406405858,0.0022124859262139048,0.001801967680311857,0.0,0.0,0.0,0.0,0.0,0.0,0.0,0.0,0.0,0.0,0.0,0.0,0.0,0.0,0.0,0.0,0.0,0.0,0.0,0.0,0.0,0.0,0.0,0.0,0.0,0.0,0.0,0.0,0.0,0.0,0.0,0.0,0.0,0.0,0.0,0.0,0.0,0.0,0.0,0.0,0.0,0.0,0.0,0.0,0.0,0.0,0.0,0.0,0.0,0.0,0.0,0.0,0.0,0.0,0.0,0.0,0.0,0.0,0.0,0.0,0.0,0.0,0.0,0.0,0.0,0.0,0.06264637430798117,0.059622899571987374,0.046808990231824416,0.043587289867618034,0.023841308084776025,0.022878315839462367,0.0048675647230444425,0.003068637108810385,0.002974253434119623,0.0,0.0,0.0,1.0332121657437108,1.2407786962391392,1.2311417693948468,0.11516878572993967,0.1144488754444073,0.08352523168366033,0.08218306833455166,0.08202957692555002,0.08163629749170978,0.061673323918139726,0.060959028882047614,0.06081963556005127,0.06035720753220794,0.05236564603459794,0.002611681942669801,0.0024325576331075266,0.0,0.0,0.0,0.0,0.0,0.0,0.0,0.0,0.0,0.0,0.0,0.0,0.0,0.0,0.0,0.0,0.0,0.0,0.0,0.0,0.0,0.0,0.0,0.0,0.0,0.0,0.0,0.0,0.0,0.0,0.0,0.0,0.0
65,Ru,CH3CH2COOH,3.6412,-0.31956,1.4461600000000001,0,0,2,5,2,1,4.670347935180881,4.32056089924695,0.3035142108440764,3.78611628252009,3.7685285068803327,3.763240307389964,3.7487554313917566,3.6476009394014,0.2267736611395008,0.1479591138603427,0.1430623439538411,0.12430985557516586,0.12021907460115523,0.11854368970578436,0.11824699160602918,0.11534664594557728,0.028402887582797638,0.028027734248263225,0.012665402352167978,0.008278076981128733,0.004185794153141455,15.594652101564089,11.98198247067137,0.5885484096578266,0.5827040451717321,0.2501715977599205,0.044089527729171636,0.1060595041281452,0.018276063776799745,0.00864863870414093,0.005798491166552976,0.0007692485171182269,0.0,0.0,0.0,0.0,0.0,0.0,0.0,0.0,0.0,0.0,0.0,0.0,0.0,0.0,0.0,0.0,0.0,0.0,0.0,0.0,0.0,0.0,0.0,0.0,0.0,0.0,0.0,0.0,0.0,0.0,0.0,0.0,0.0,0.0,0.0,0.0,0.0,0.0,0.0,0.0,0.0,0.0,0.0,0.0,0.0,0.0,0.0,0.0,0.0,0.0,0.0,0.0,0.0,0.0,0.0,0.0,0.0,0.0,0.0,0.0,0.0,0.0,0.0,0.0,0.0,0.0,0.0,7.2343398637142,0.10468016020233648,0.07515487289319674,0.058161969192277764,0.04264248476691014,0.033469744830989336,0.03055572752979306,0.01844633364994433,0.004858995194143805,0.004446846125377057,0.0026543092163658416,0.0,1.0295560075807657,1.0770835197440811,0.10538253733042366,0.09958387618592736,0.07943219882038091,0.07353849879585685,0.0684775344153257,0.0609406798303854,0.0410620991233164,0.0003031735719807166,0.0,0.0,0.0,0.0,0.0,0.0,0.0,0.0,0.0,0.0,0.0,0.0,0.0,0.0,0.0,0.0,0.0,0.0,0.0,0.0,0.0,0.0,0.0,0.0,0.0,0.0,0.0,0.0,0.0,0.0,0.0,0.0,0.0,0.0,0.0,0.0,0.0,0.0,0.0
66,Ru,CH3CH3,3.6412,-0.31956,1.4461600000000001,0,0,1,6,0,0,4.339203994757876,0.0,0.0,3.739044767721551,3.7369162924798234,3.733152066927777,3.726915813369167,3.726368418156041,3.650223304981338,0.11807725608373836,0.11799259979603223,0.11791517940419464,0.11761487069733433,0.1170922999424065,0.11694753592047262,0.0,0.0,0.0,0.0,0.0,0.0,0.0,0.0,0.0,0.0,0.0,0.0,0.01755697936400039,0.003981602985234131,7.393789722548796e-05,0.0,0.0,0.0,0.0,0.0,0.0,0.0,0.0,0.0,0.0,0.0,0.0,0.0,0.0,0.0,0.0,0.0,0.0,0.0,0.0,0.0,0.0,0.0,0.0,0.0,0.0,0.0,0.0,0.0,0.0,0.0,0.0,0.0,0.0,0.0,0.0,0.0,0.0,0.0,0.0,0.0,0.0,0.0,0.0,0.0,0.0,0.0,0.0,0.0,0.0,0.0,0.0,0.0,0.0,0.0,0.0,0.0,0.0,0.0,0.0,0.0,0.0,0.0,0.0,0.0,0.0,0.0,0.0,0.0,0.0,0.0,0.0,0.0,0.0,0.0,0.0,0.0,0.0,0.0,0.0,0.0,0.0,0.0,0.0,0.0,0.0,0.0,0.0,0.0,0.0,0.0,0.0,0.0,0.0,0.0,0.0,0.0,0.0,0.0,0.0,0.0,0.0,0.0,0.0,0.0,0.0,0.0,0.0,0.0,0.0,0.0,0.0,0.0,0.0,0.0,0.0,0.0,0.0,0.0,0.0,0.0,0.0,0.0,0.0,0.0,0.0,0.0,0.0,0.0,0.0
67,Ru,CH3CHCO,3.6412,-0.31956,1.4461600000000001,2,0,2,4,1,0,5.905047381678102,4.589704121489543,0.30317421463578875,3.7682847798288552,3.761136223311104,3.7591414861981054,3.669260224226278,0.12976471771613252,0.12582839891743985,0.12504373980914166,0.12260614716186186,0.1114433721935323,0.033861241025816516,0.02044340973597877,0.009012289365127279,0.0,0.0,0.0,0.0,0.0,0.0,12.07868504654791,0.5752416625975031,0.2019073259158131,0.0,0.0,0.0,0.9716306617456943,0.6370746915382478,0.5757608540849662,0.4090292694518473,0.11544907818502255,0.09889199619371897,0.08055505039046676,0.06473795183153258,0.04469911751544202,0.044105246269687114,0.030545326487473726,0.02685508944707504,0.01735721648324491,0.011889081456093416,0.008615874677579793,0.005826507559550735,0.0038076258676835563,0.0005834940684515365,0.0,0.0,0.0,0.0,0.0,0.0,0.0,0.0,0.0,0.0,0.0,0.0,0.0,0.0,0.0,0.0,0.0,0.0,0.0,0.0,0.0,0.0,0.0,0.0,0.0,0.0,0.0,0.0,0.0,0.0,0.0,0.0,0.0,0.0,0.0,0.0,0.0,0.0,0.0,0.0,0.0,0.0,0.0,0.0,0.0,0.0,0.0,0.0,0.0,0.0,0.0,0.0,0.0,0.0,0.05550745914700399,0.01853445485067154,0.016196561997095894,0.004070830166545927,0.0,0.0,0.0,0.0,0.0,0.0,0.0,0.0,0.0,1.3458689593469368,0.2246873346361476,0.14107047919465274,0.1111598487309196,0.052368376765453785,0.04515369801959017,0.010204160940555582,0.0022646639482426234,0.0,0.0,0.0,0.0,0.0,0.0,0.0,0.0,0.0,0.0,0.0,0.0,0.0,0.0,0.0,0.0,0.0,0.0,0.0,0.0,0.0,0.0,0.0,0.0,0.0,0.0,0.0,0.0,0.0,0.0,0.0,0.0,0.0,0.0,0.0,0.0,0.0,0.0,0.0,0.0
68,Ru,CH3CHCOO,3.6412,-0.31956,1.4461600000000001,1,2,2,4,2,0,5.411480572897034,4.529831467846719,0.3153051137234779,3.799066886189808,3.7280871261262236,3.6478907460994656,3.6250794284294368,0.1366388550054991,0.12218309906369484,0.12131928605831872,0.11750903913115633,0.11389680880120324,0.031609207281963515,0.02500903497079735,0.008629809433932227,0.0,0.0,0.0,0.0,0.0,0.0,12.032722489359353,11.900061769142644,0.5616958976223352,0.5594044073496895,0.2077134419207276,0.04190428394331135,0.7187667535362174,0.31370921191543444,0.30417280237531663,0.28121804744145995,0.10218803071837512,0.07371974917263784,0.06671901901979052,0.06226740471655338,0.04999294487623243,0.04946694079389584,0.04220234333539731,0.03870716153245106,0.03432694161720758,0.031166900591726963,0.02569020843638101,0.023975295357921304,0.015228954012021097,0.002191888264221655,0.0014960856731966177,0.0004100811525724543,8.473534685129666e-05,0.0,0.0,0.0,0.0,0.0,0.0,0.0,0.0,0.0,0.0,0.0,0.0,0.0,0.0,0.0,0.0,0.0,0.0,0.0,0.0,0.0,0.0,0.0,0.0,0.0,0.0,0.0,0.0,0.0,0.0,0.0,0.0,0.0,0.0,0.0,0.0,0.0,0.0,0.0,0.0,0.0,0.0,0.0,0.0,0.0,0.0,0.0,0.0,0.0,0.0,0.0,0.07039970689525618,0.05561642225476061,0.020107425454244026,0.016031276173111283,0.004088602627762049,0.003955707864278154,0.002537470786367753,0.0,0.0,0.0,0.0,0.0,1.0155941613343529,1.378959729276858,1.3628928315959494,0.11703040080760202,0.11663327155175515,0.11162390308965843,0.10306901392148912,0.09066741736446356,0.08350147638452142,0.0708518479399757,0.06533898403783837,0.055153313913557885,0.004361087364038868,0.0041284796901793685,0.0026414524102057954,0.0017942836949488452,0.0,0.0,0.0,0.0,0.0,0.0,0.0,0.0,0.0,0.0,0.0,0.0,0.0,0.0,0.0,0.0,0.0,0.0,0.0,0.0,0.0,0.0,0.0,0.0,0.0,0.0,0.0,0.0,0.0,0.0,0.0,0.0,0.0
69,Ru,CH3CHCOOH,3.6412,-0.31956,1.4461600000000001,1,0,2,4,2,1,6.0019406582660855,4.508123941941954,0.34011024589035416,3.8314712520730088,3.7168225209670687,3.66925479500168,3.6442400268632738,0.2143626789135588,0.1411306488228186,0.1222217964842854,0.1221048637245219,0.11778929162507312,0.11160360033914292,0.03607732984987793,0.024821683336154362,0.014495484817340809,0.009393953037515772,0.000566629585300453,0.0,0.0,0.0,13.995749296512914,8.221048447270894,0.5636159860284452,0.5306360697803376,0.18130863691493773,0.04086457372472473,0.6837140169951109,0.2951712804852654,0.2868337303595575,0.19531466805308093,0.09778208420511976,0.06831881068903375,0.05542740525179034,0.049160498736689866,0.04723110741367095,0.038268545154757035,0.03295948129180126,0.019522935413953627,0.018567665176741282,0.009047268284524741,3.777224402403204e-05,0.0,0.0,0.0,0.0,0.0,0.0,0.0,0.0,0.0,0.0,0.0,0.0,0.0,0.0,0.0,0.0,0.0,0.0,0.0,0.0,0.0,0.0,0.0,0.0,0.0,0.0,0.0,0.0,0.0,0.0,0.0,0.0,0.0,0.0,0.0,0.0,0.0,0.0,0.0,0.0,0.0,0.0,0.0,0.0,0.0,0.0,0.0,0.0,0.0,0.0,0.0,0.0,0.0,0.0,0.0,0.0,0.0,8.539026804203168,0.12975844241891385,0.07970021204682817,0.04952390702143099,0.016038563189695095,0.01602555460313661,0.0037952151450752376,0.0035497849476677115,0.0024025453429008677,0.0,0.0,0.0,0.9788757142300136,1.0676565536036635,0.7973766566473885,0.1051208750440139,0.1009724336325334,0.09869012864909847,0.08549043513840701,0.07064027944436135,0.06146438999374496,0.058700140801365715,0.057580413835057374,0.0500767469281327,0.03951597335464151,0.03762311860079287,0.0,0.0,0.0,0.0,0.0,0.0,0.0,0.0,0.0,0.0,0.0,0.0,0.0,0.0,0.0,0.0,0.0,0.0,0.0,0.0,0.0,0.0,0.0,0.0,0.0,0.0,0.0,0.0,0.0,0.0,0.0,0.0,0.0,0.0,0.0
70,Ru,CHCH,3.6412,-0.31956,1.4461600000000001,2,0,1,2,0,0,6.067218324984072,0.0,0.0,3.785129538296476,3.7221111043997,0.11442978722216575,0.11337154349664055,0.0,0.0,0.0,0.0,0.0,0.0,0.0,0.0,0.0,0.0,0.0,0.0,0.0,0.0,0.0,0.0,0.0,0.0,0.0,0.0,0.8369085308811419,0.8368294609312916,0.7609305450320086,0.7608422788607421,0.7537055019690739,0.7326370450984582,0.07288274367903147,0.05974734649098039,0.0484234976070234,0.048422561817148366,0.04598976895129199,0.04598211711246152,0.04390339374132594,0.018780157281128692,0.01818567388961601,0.01818353854381216,0.002594703061396735,0.002593809872574914,0.002081573541451019,0.0016559111713870187,0.0016530681608073645,0.001501917291947659,0.0012079543764123464,0.0012077660199558313,0.0,0.0,0.0,0.0,0.0,0.0,0.0,0.0,0.0,0.0,0.0,0.0,0.0,0.0,0.0,0.0,0.0,0.0,0.0,0.0,0.0,0.0,0.0,0.0,0.0,0.0,0.0,0.0,0.0,0.0,0.0,0.0,0.0,0.0,0.0,0.0,0.0,0.0,0.0,0.0,0.0,0.0,0.0,0.0,0.0,0.0,0.0,0.0,0.0,0.0,0.0,0.0,0.0,0.0,0.0,0.0,0.0,0.0,0.0,0.0,0.0,0.0,0.0,0.0,0.0,0.0,0.0,0.0,0.0,0.0,0.0,0.0,0.0,0.0,0.0,0.0,0.0,0.0,0.0,0.0,0.0,0.0,0.0,0.0,0.0,0.0,0.0,0.0,0.0,0.0,0.0,0.0,0.0,0.0,0.0,0.0,0.0,0.0,0.0,0.0,0.0,0.0,0.0,0.0,0.0,0.0,0.0,0.0,0.0
71,Ru,CHCHCO,3.6412,-0.31956,1.4461600000000001,3,0,2,2,1,0,5.901442687907507,5.679051655830112,0.3633017524148667,3.801501124083139,3.2346404974476832,0.12787428572756754,0.1147134120093162,0.10793592692847946,0.008858745789391928,0.0,0.0,0.0,0.0,0.0,0.0,0.0,0.0,0.0,0.0,0.0,0.0,12.338343060763993,0.5714943671367743,0.04492958014153447,0.0,0.0,0.0,1.05658411760268,0.9908008243662284,0.7513642602717625,0.7030190581623424,0.5867323293210434,0.5484053592716498,0.4262456577706096,0.1172694753851091,0.11334994648841752,0.07749165107609922,0.07553595630373729,0.05350520608831525,0.04963057272120687,0.047611196664428986,0.04045069379233175,0.034195660059270966,0.033431672914111206,0.02098984498403933,0.009180216664834814,0.008128588296927409,0.0068860546530296095,0.006124826008859882,0.0030232202082486268,0.0026932247525161546,0.0021010470990267573,0.001700663359502516,0.0008733803751312559,0.0006573207756958231,0.0004334488477774727,0.0003467516768508976,0.0,0.0,0.0,0.0,0.0,0.0,0.0,0.0,0.0,0.0,0.0,0.0,0.0,0.0,0.0,0.0,0.0,0.0,0.0,0.0,0.0,0.0,0.0,0.0,0.0,0.0,0.0,0.0,0.0,0.0,0.0,0.0,0.0,0.0,0.0,0.0,0.0,0.0,0.0,0.0,0.0,0.0,0.05556996296440087,0.0,0.0,0.0,0.0,0.0,0.0,0.0,0.0,0.0,0.0,0.0,0.0,1.2185201136193178,0.2304226113422017,0.13543317703247876,0.009244679518338043,0.0009489835543845145,0.0,0.0,0.0,0.0,0.0,0.0,0.0,0.0,0.0,0.0,0.0,0.0,0.0,0.0,0.0,0.0,0.0,0.0,0.0,0.0,0.0,0.0,0.0,0.0,0.0,0.0,0.0,0.0,0.0,0.0,0.0,0.0,0.0,0.0,0.0,0.0,0.0,0.0,0.0,0.0,0.0,0.0,0.0
72,Ru,CHCHCOOH,3.6412,-0.31956,1.4461600000000001,2,0,2,2,2,1,5.734377057896342,5.7147169501413275,0.3223565982658194,3.854719750162794,2.8425641456467714,0.2458112694627963,0.13589079877784188,0.13482923784224296,0.1166772576824706,0.015494476761314734,0.009990274395304909,0.0004236282694080628,0.0,0.0,0.0,0.0,0.0,0.0,0.0,0.0,0.0,14.81352015259279,10.730809715118113,0.6535102925238621,0.5337039881242229,0.15387682870287342,0.04758995551011872,1.0991954017014691,0.7818634000390798,0.6405246934753158,0.6320960287753202,0.1513989272844286,0.13025117900813069,0.09834444242470457,0.0656677249401975,0.06554438088214093,0.06225173890538593,0.049131471874022996,0.036099376762138126,0.02780261769333025,0.023573236474188398,0.021517000202106472,0.01984744623741981,0.0179574588331056,0.005520110627809608,0.005246200151988486,0.003167078816525004,0.0007710455209882576,0.0,0.0,0.0,0.0,0.0,0.0,0.0,0.0,0.0,0.0,0.0,0.0,0.0,0.0,0.0,0.0,0.0,0.0,0.0,0.0,0.0,0.0,0.0,0.0,0.0,0.0,0.0,0.0,0.0,0.0,0.0,0.0,0.0,0.0,0.0,0.0,0.0,0.0,0.0,0.0,0.0,0.0,0.0,0.0,0.0,0.0,0.0,0.0,0.0,0.0,0.0,8.812385716812747,0.13637473233331793,0.08924212190655424,0.015419197236985604,0.0026152545199241268,0.0011974759701378762,0.0,0.0,0.0,0.0,0.0,0.0,1.1009811373415654,1.1409186592171618,0.0913523321349748,0.07623841158011133,0.07561015981116574,0.0680354413587726,0.06296995719114909,0.06261994852772318,0.015525872437162169,0.014768011360251097,0.013212888125055508,0.0,0.0,0.0,0.0,0.0,0.0,0.0,0.0,0.0,0.0,0.0,0.0,0.0,0.0,0.0,0.0,0.0,0.0,0.0,0.0,0.0,0.0,0.0,0.0,0.0,0.0,0.0,0.0,0.0,0.0,0.0,0.0,0.0,0.0,0.0,0.0,0.0,0.0
73,Ru,CO,3.6412,-0.31956,1.4461600000000001,1,0,0,0,1,0,0.0,0.0,0.0,0.0,0.0,0.0,0.0,0.0,0.0,0.0,0.0,0.0,0.0,0.0,0.0,0.0,0.0,0.0,0.0,0.0,0.0,22.14920284431536,0.0,0.0,0.0,0.0,0.0,1.6108794313468304,0.06769027573666478,0.06593518217230887,0.06453195642446886,0.059956618870447814,0.058407285302588215,0.002253855812741009,0.001969100110291201,0.0015024378036207105,0.0,0.0,0.0,0.0,0.0,0.0,0.0,0.0,0.0,0.0,0.0,0.0,0.0,0.0,0.0,0.0,0.0,0.0,0.0,0.0,0.0,0.0,0.0,0.0,0.0,0.0,0.0,0.0,0.0,0.0,0.0,0.0,0.0,0.0,0.0,0.0,0.0,0.0,0.0,0.0,0.0,0.0,0.0,0.0,0.0,0.0,0.0,0.0,0.0,0.0,0.0,0.0,0.0,0.0,0.0,0.0,0.0,0.0,0.0,0.0,0.0,0.0,0.0,0.0,0.0,0.0,0.0,0.0,0.0,0.0,0.0,0.0,0.0,0.0,0.0,0.0,0.16867637782079206,0.01321536225038377,0.012263689497984114,0.011433571031136264,0.008989403902568319,0.008173913424924871,0.0,0.0,0.0,0.0,0.0,0.0,0.0,0.0,0.0,0.0,0.0,0.0,0.0,0.0,0.0,0.0,0.0,0.0,0.0,0.0,0.0,0.0,0.0,0.0,0.0,0.0,0.0,0.0,0.0,0.0,0.0,0.0,0.0,0.0,0.0,0.0,0.0,0.0,0.0,0.0,0.0,0.0
74,Ru,CO2,3.6412,-0.31956,1.4461600000000001,0,0,0,0,2,0,0.0,0.0,0.0,0.0,0.0,0.0,0.0,0.0,0.0,0.0,0.0,0.0,0.0,0.0,0.0,0.0,0.0,0.0,0.0,0.0,0.0,16.12891559287726,15.340331773001516,0.0,0.0,0.0,0.0,1.0131154094854835,0.3818890683411256,0.1252197481827788,0.11598927986411342,0.022322519761267968,0.02084475942002465,0.015438327194378654,0.006601943118804486,0.006439116244666761,0.0057449005304065605,0.002796298101090409,0.0,0.0,0.0,0.0,0.0,0.0,0.0,0.0,0.0,0.0,0.0,0.0,0.0,0.0,0.0,0.0,0.0,0.0,0.0,0.0,0.0,0.0,0.0,0.0,0.0,0.0,0.0,0.0,0.0,0.0,0.0,0.0,0.0,0.0,0.0,0.0,0.0,0.0,0.0,0.0,0.0,0.0,0.0,0.0,0.0,0.0,0.0,0.0,0.0,0.0,0.0,0.0,0.0,0.0,0.0,0.0,0.0,0.0,0.0,0.0,0.0,0.0,0.0,0.0,0.0,0.0,0.0,0.0,0.0,0.0,0.0,0.0,0.0,0.8939705064468744,0.9727480640142756,0.7256571910082394,0.15466357934742408,0.09295278343947333,0.08261760652597283,0.050295743867620826,0.0481724188933835,0.04787642178473088,0.0471407323526033,0.04694564957169396,0.045255723056792777,0.04510075035995989,0.04427559869055228,0.002539052493063895,0.0,0.0,0.0,0.0,0.0,0.0,0.0,0.0,0.0,0.0,0.0,0.0,0.0,0.0,0.0,0.0,0.0,0.0,0.0,0.0,0.0,0.0,0.0,0.0,0.0,0.0,0.0,0.0,0.0,0.0,0.0,0.0,0.0,0.0
75,Ru,COOH,3.6412,-0.31956,1.4461600000000001,1,0,0,0,2,1,0.0,0.0,0.0,0.2405282227972231,0.0,0.0,0.0,0.0,0.0,0.0,0.0,0.0,0.0,0.0,0.0,0.0,0.0,0.0,0.0,0.0,0.0,14.016995633656512,10.978402515643255,0.0,0.0,0.0,0.0,1.0941452785863093,0.2439244681180084,0.11235691830366876,0.09764007239308407,0.032481362974816325,0.029304404902609032,0.0163513763219076,0.011008455022961168,0.001589551056855376,0.0001257044639804035,0.0,0.0,0.0,0.0,0.0,0.0,0.0,0.0,0.0,0.0,0.0,0.0,0.0,0.0,0.0,0.0,0.0,0.0,0.0,0.0,0.0,0.0,0.0,0.0,0.0,0.0,0.0,0.0,0.0,0.0,0.0,0.0,0.0,0.0,0.0,0.0,0.0,0.0,0.0,0.0,0.0,0.0,0.0,0.0,0.0,0.0,0.0,0.0,0.0,0.0,0.0,0.0,0.0,0.0,0.0,0.0,0.0,0.0,0.0,0.0,0.0,0.0,8.526490837323015,0.13891838542333051,0.0,0.0,0.0,0.0,0.0,0.0,0.0,0.0,0.0,0.0,1.1179833179912184,1.0575957442359982,0.23077505884527705,0.18896801748381198,0.1145126501487426,0.10493668250071099,0.041985880143851816,0.03901951432433469,0.020051745939695977,0.01852068735599921,0.017148285798189666,0.014875689975455672,0.012800905079702454,0.012490598924868472,0.006606429829700659,0.0,0.0,0.0,0.0,0.0,0.0,0.0,0.0,0.0,0.0,0.0,0.0,0.0,0.0,0.0,0.0,0.0,0.0,0.0,0.0,0.0,0.0,0.0,0.0,0.0,0.0,0.0,0.0,0.0,0.0,0.0,0.0,0.0,0.0
76,Ru,H2O,3.6412,-0.31956,1.4461600000000001,0,0,0,0,0,2,0.0,0.0,0.0,0.0,0.0,0.0,0.0,0.0,0.0,0.0,0.0,0.0,0.0,0.0,0.0,0.0,0.0,0.0,0.0,0.0,0.0,0.0,0.0,0.0,0.0,0.0,0.0,0.0,0.0,0.0,0.0,0.0,0.0,0.0,0.0,0.0,0.0,0.0,0.0,0.0,0.0,0.0,0.0,0.0,0.0,0.0,0.0,0.0,0.0,0.0,0.0,0.0,0.0,0.0,0.0,0.0,0.0,0.0,0.0,0.0,0.0,0.0,0.0,0.0,0.0,0.0,0.0,0.0,0.0,0.0,0.0,0.0,0.0,0.0,0.0,0.0,0.0,0.0,0.0,0.0,0.0,0.0,0.0,0.0,0.0,0.0,0.0,0.0,0.0,0.0,0.0,0.0,0.0,0.0,0.0,0.0,0.0,0.0,0.0,8.802038909561663,8.794669359282478,0.0,0.0,0.0,0.0,0.0,0.0,0.0,0.0,0.0,0.0,0.0,0.7979921119208842,0.06383723638632961,0.060155475022342024,0.059540442079318925,0.054474897255996496,0.05377046898228608,0.0,0.0,0.0,0.0,0.0,0.0,0.0,0.0,0.0,0.0,0.0,0.0,0.0,0.0,0.0,0.0,0.0,0.0,0.0,0.0,0.0,0.0,0.0,0.0,0.0,0.0,0.0,0.0,0.0,0.0,0.0,0.0,0.0,0.0,0.0,0.0,0.0,0.0,0.0,0.0,0.0,0.0
77,Ru,OH,3.6412,-0.31956,1.4461600000000001,0,1,0,0,0,1,0.0,0.0,0.0,0.0,0.0,0.0,0.0,0.0,0.0,0.0,0.0,0.0,0.0,0.0,0.0,0.0,0.0,0.0,0.0,0.0,0.0,0.0,0.0,0.0,0.0,0.0,0.0,0.0,0.0,0.0,0.0,0.0,0.0,0.0,0.0,0.0,0.0,0.0,0.0,0.0,0.0,0.0,0.0,0.0,0.0,0.0,0.0,0.0,0.0,0.0,0.0,0.0,0.0,0.0,0.0,0.0,0.0,0.0,0.0,0.0,0.0,0.0,0.0,0.0,0.0,0.0,0.0,0.0,0.0,0.0,0.0,0.0,0.0,0.0,0.0,0.0,0.0,0.0,0.0,0.0,0.0,0.0,0.0,0.0,0.0,0.0,0.0,0.0,0.0,0.0,0.0,0.0,0.0,0.0,0.0,0.0,0.0,0.0,0.0,9.081849995822072,0.0,0.0,0.0,0.0,0.0,0.0,0.0,0.0,0.0,0.0,0.0,0.0,1.067384123620633,1.0575513449399805,1.0575513449399805,0.06712056080971024,0.06712056080971024,0.06668080091468194,0.05708581652559329,0.0024877971297345147,0.0024877971297345147,0.002424936376731509,0.00023568752320861017,0.00023568752320861017,0.00022163813841187885,0.00022163813841187885,0.00016019746076230063,0.00016019746076230063,0.0,0.0,0.0,0.0,0.0,0.0,0.0,0.0,0.0,0.0,0.0,0.0,0.0,0.0,0.0,0.0,0.0,0.0,0.0,0.0,0.0,0.0,0.0,0.0,0.0,0.0,0.0,0.0,0.0,0.0,0.0,0.0
78,Rh,CH2C,4.26048,0.18933,1.7671400000000002,2,0,1,2,0,0,6.610052607178633,0.0,0.0,3.8399097432235294,3.839772120514545,0.12175859742462627,0.12173745856389727,0.0,0.0,0.0,0.0,0.0,0.0,0.0,0.0,0.0,0.0,0.0,0.0,0.0,0.0,0.0,0.0,0.0,0.0,0.0,0.0,1.2987513038923708,1.2984215541305129,1.0559620988361245,0.6818594024110124,0.115583440363493,0.11545128571535927,0.07096089198176636,0.060111926873610826,0.060035589773769125,0.05776364988729496,0.044249423278436686,0.0440736753509067,0.005703072425262613,0.005687088703082755,0.004636097251263523,0.003408632823174714,0.003400115755355218,0.0026961694633208413,0.0026801461038115995,0.0021126257669897945,0.0021068468145454995,0.0,0.0,0.0,0.0,0.0,0.0,0.0,0.0,0.0,0.0,0.0,0.0,0.0,0.0,0.0,0.0,0.0,0.0,0.0,0.0,0.0,0.0,0.0,0.0,0.0,0.0,0.0,0.0,0.0,0.0,0.0,0.0,0.0,0.0,0.0,0.0,0.0,0.0,0.0,0.0,0.0,0.0,0.0,0.0,0.0,0.0,0.0,0.0,0.0,0.0,0.0,0.0,0.0,0.0,0.0,0.0,0.0,0.0,0.0,0.0,0.0,0.0,0.0,0.0,0.0,0.0,0.0,0.0,0.0,0.0,0.0,0.0,0.0,0.0,0.0,0.0,0.0,0.0,0.0,0.0,0.0,0.0,0.0,0.0,0.0,0.0,0.0,0.0,0.0,0.0,0.0,0.0,0.0,0.0,0.0,0.0,0.0,0.0,0.0,0.0,0.0,0.0,0.0,0.0,0.0,0.0,0.0,0.0,0.0,0.0,0.0,0.0
79,Rh,CH2CH,4.26048,0.18933,1.7671400000000002,2,0,1,3,0,0,5.3881883609935475,0.0,0.0,3.7092077905205016,3.708888041164258,3.671061255575709,0.11773665047184045,0.11769662429747475,0.10092456559544442,0.0,0.0,0.0,0.0,0.0,0.0,0.0,0.0,0.0,0.0,0.0,0.0,0.0,0.0,0.0,0.0,0.0,0.0,1.0723975399822787,1.0723812726239632,0.9524998998826728,0.28425455822059315,0.17685969182944786,0.1766118990443992,0.11739555113549667,0.05437763741891002,0.05421060485576192,0.026788087321771143,0.026779461532140576,0.025198378910014183,0.02022997384627274,0.02019364795817662,0.012775707211861952,0.01276523036241178,0.0047240769059185865,0.0026202240174088114,0.0015845633540922425,0.0015817883712795425,0.0,0.0,0.0,0.0,0.0,0.0,0.0,0.0,0.0,0.0,0.0,0.0,0.0,0.0,0.0,0.0,0.0,0.0,0.0,0.0,0.0,0.0,0.0,0.0,0.0,0.0,0.0,0.0,0.0,0.0,0.0,0.0,0.0,0.0,0.0,0.0,0.0,0.0,0.0,0.0,0.0,0.0,0.0,0.0,0.0,0.0,0.0,0.0,0.0,0.0,0.0,0.0,0.0,0.0,0.0,0.0,0.0,0.0,0.0,0.0,0.0,0.0,0.0,0.0,0.0,0.0,0.0,0.0,0.0,0.0,0.0,0.0,0.0,0.0,0.0,0.0,0.0,0.0,0.0,0.0,0.0,0.0,0.0,0.0,0.0,0.0,0.0,0.0,0.0,0.0,0.0,0.0,0.0,0.0,0.0,0.0,0.0,0.0,0.0,0.0,0.0,0.0,0.0,0.0,0.0,0.0,0.0,0.0,0.0,0.0,0.0,0.0,0.0
80,Rh,CH2CH2,4.26048,0.18933,1.7671400000000002,2,0,1,4,0,0,6.397093059959909,0.0,0.0,3.8574724248454983,3.8564830630726923,3.854383628694194,3.8533357558745753,0.12060793874130718,0.12060049841048613,0.12041537319446803,0.12040873703497533,0.0,0.0,0.0,0.0,0.0,0.0,0.0,0.0,0.0,0.0,0.0,0.0,0.0,0.0,0.0,0.0,0.8002430097107361,0.7986640304211741,0.10446996072357136,0.10444722424047258,0.03928404257527203,0.039264873706605405,0.03900781267874784,0.03896671599399214,0.013406273764660205,0.01339563680214644,0.0,0.0,0.0,0.0,0.0,0.0,0.0,0.0,0.0,0.0,0.0,0.0,0.0,0.0,0.0,0.0,0.0,0.0,0.0,0.0,0.0,0.0,0.0,0.0,0.0,0.0,0.0,0.0,0.0,0.0,0.0,0.0,0.0,0.0,0.0,0.0,0.0,0.0,0.0,0.0,0.0,0.0,0.0,0.0,0.0,0.0,0.0,0.0,0.0,0.0,0.0,0.0,0.0,0.0,0.0,0.0,0.0,0.0,0.0,0.0,0.0,0.0,0.0,0.0,0.0,0.0,0.0,0.0,0.0,0.0,0.0,0.0,0.0,0.0,0.0,0.0,0.0,0.0,0.0,0.0,0.0,0.0,0.0,0.0,0.0,0.0,0.0,0.0,0.0,0.0,0.0,0.0,0.0,0.0,0.0,0.0,0.0,0.0,0.0,0.0,0.0,0.0,0.0,0.0,0.0,0.0,0.0,0.0,0.0,0.0,0.0,0.0,0.0,0.0,0.0,0.0,0.0,0.0,0.0,0.0,0.0,0.0,0.0
81,Rh,CH2CHCO,4.26048,0.18933,1.7671400000000002,3,1,2,3,1,0,5.675618489168444,5.305123687190937,0.33027426092941603,3.812392322886332,3.7695719458555,3.744658927211217,0.12541626407819606,0.1208644124353236,0.12056120995325745,0.10781328133168568,0.032056158691105965,0.00873485852414095,0.0,0.0,0.0,0.0,0.0,0.0,0.0,0.0,0.0,13.709330849570165,0.5435204573671777,0.044440952777030286,0.0,0.0,0.0,1.0862928829623877,0.9260360396955328,0.7353080515850617,0.6612043227736321,0.3950305949226602,0.1922864723799183,0.151818095620542,0.1428525661634204,0.08833986650130059,0.07876784016467203,0.0716490225473785,0.05347178817928354,0.03791799051820662,0.036734815216604565,0.034479201880590296,0.02521984902341028,0.014596886623842427,0.013923028914921651,0.00955660388255734,0.00952465138834952,0.0069321728538833186,0.006003530570727979,0.0022913235278296702,0.001969737777673189,0.0016313615186270627,1.9479282627882236e-08,0.0,0.0,0.0,0.0,0.0,0.0,0.0,0.0,0.0,0.0,0.0,0.0,0.0,0.0,0.0,0.0,0.0,0.0,0.0,0.0,0.0,0.0,0.0,0.0,0.0,0.0,0.0,0.0,0.0,0.0,0.0,0.0,0.0,0.0,0.0,0.0,0.0,0.0,0.0,0.0,0.0,0.0,0.0,0.0,0.0,0.0,0.05260945591391207,0.004638160632681435,0.0,0.0,0.0,0.0,0.0,0.0,0.0,0.0,0.0,0.0,0.0,1.1945423347036013,0.23204146490460656,0.17184418103023472,0.0016788753678980731,0.0,0.0,0.0,0.0,0.0,0.0,0.0,0.0,0.0,0.0,0.0,0.0,0.0,0.0,0.0,0.0,0.0,0.0,0.0,0.0,0.0,0.0,0.0,0.0,0.0,0.0,0.0,0.0,0.0,0.0,0.0,0.0,0.0,0.0,0.0,0.0,0.0,0.0,0.0,0.0,0.0,0.0,0.0,0.0
82,Rh,CH2CHCOOH,4.26048,0.18933,1.7671400000000002,2,0,2,3,2,1,5.91811249030475,5.373661554041712,0.3545548149387579,3.8988404364123963,3.8486533120925213,3.785609490726829,0.2462794007649109,0.12435949737791098,0.12131067032293075,0.11958619382323585,0.1156778423428232,0.04062495100088295,0.014999759710632209,0.009603270138627005,0.0007198426227181073,0.0,0.0,0.0,0.0,0.0,0.0,15.272565841910398,10.806135925469793,0.6332908284451612,0.5442202582014004,0.18020486883907127,0.05449084786535042,0.8537150905013813,0.8274890892305473,0.17182920741285987,0.15887408584731744,0.1521658721819491,0.13837088976214326,0.11268738565975403,0.07990788828906313,0.06261449461575949,0.05805403723109971,0.04286982919613032,0.026123003674573587,0.018100493741918317,0.017971728112228597,0.008886831246591564,0.008128895607252856,0.006703203804739853,0.006185604616596556,0.003370625070602304,0.0,0.0,0.0,0.0,0.0,0.0,0.0,0.0,0.0,0.0,0.0,0.0,0.0,0.0,0.0,0.0,0.0,0.0,0.0,0.0,0.0,0.0,0.0,0.0,0.0,0.0,0.0,0.0,0.0,0.0,0.0,0.0,0.0,0.0,0.0,0.0,0.0,0.0,0.0,0.0,0.0,0.0,0.0,0.0,0.0,0.0,0.0,0.0,0.0,0.0,0.0,0.0,0.0,8.768361835030138,0.12852116411105025,0.07985659328757659,0.049089342747958266,0.015159595640680031,0.005035833710186623,0.0032126388474948693,0.0009020101815059977,0.0,0.0,0.0,0.0,1.0736938921380978,0.9674600594814724,0.09887555037400007,0.09504492651055926,0.08682893904351333,0.05760572827257696,0.05749875894141029,0.043673708083906776,0.039507909198532996,0.017996977684962476,0.015424581681415176,0.0056266223152964786,0.0,0.0,0.0,0.0,0.0,0.0,0.0,0.0,0.0,0.0,0.0,0.0,0.0,0.0,0.0,0.0,0.0,0.0,0.0,0.0,0.0,0.0,0.0,0.0,0.0,0.0,0.0,0.0,0.0,0.0,0.0,0.0,0.0,0.0,0.0,0.0,0.0
83,Rh,CH3C,4.26048,0.18933,1.7671400000000002,1,0,1,3,0,0,4.855570876848146,0.0,0.0,3.7080807391098385,3.7046174168365513,3.702975341391245,0.12954380636529408,0.12943673839540012,0.1292314014932194,0.0,0.0,0.0,0.0,0.0,0.0,0.0,0.0,0.0,0.0,0.0,0.0,0.0,0.0,0.0,0.0,0.0,0.0,1.237070517644042,1.2363785230465776,1.23444439831173,0.112686195323711,0.1124306626636536,0.11146664380504112,0.06347068232164574,0.06308403508577416,0.0624921480269915,0.05635003767625268,0.008371207231639685,0.00804793357134154,0.007810598418376075,0.004417424650919582,0.0043770015540278255,0.0043100134717920825,0.0042346337547136785,0.004154998083207177,0.0023819925709502136,0.002358099439295869,0.002346716801997266,0.002314549260358692,0.0023108973954787913,0.002305337742838656,0.0,0.0,0.0,0.0,0.0,0.0,0.0,0.0,0.0,0.0,0.0,0.0,0.0,0.0,0.0,0.0,0.0,0.0,0.0,0.0,0.0,0.0,0.0,0.0,0.0,0.0,0.0,0.0,0.0,0.0,0.0,0.0,0.0,0.0,0.0,0.0,0.0,0.0,0.0,0.0,0.0,0.0,0.0,0.0,0.0,0.0,0.0,0.0,0.0,0.0,0.0,0.0,0.0,0.0,0.0,0.0,0.0,0.0,0.0,0.0,0.0,0.0,0.0,0.0,0.0,0.0,0.0,0.0,0.0,0.0,0.0,0.0,0.0,0.0,0.0,0.0,0.0,0.0,0.0,0.0,0.0,0.0,0.0,0.0,0.0,0.0,0.0,0.0,0.0,0.0,0.0,0.0,0.0,0.0,0.0,0.0,0.0,0.0,0.0,0.0,0.0,0.0,0.0,0.0,0.0,0.0,0.0,0.0,0.0
84,Rh,CH3CCO,4.26048,0.18933,1.7671400000000002,2,0,2,3,1,0,5.546307900800562,4.5809260318619485,0.31924353570800895,3.694557309536221,3.6942017652861607,3.6938146321882295,0.1266497234430759,0.1265572019948035,0.11803738957307973,0.030740701864263524,0.02925769547629663,0.008451851216371476,0.0,0.0,0.0,0.0,0.0,0.0,0.0,0.0,0.0,18.116375499838696,0.5131096661722913,0.15877756303962673,0.0,0.0,0.0,1.1345568761229965,1.0419799609015876,1.0309985001891493,0.250533212747524,0.23202436132781115,0.2125700468244772,0.1456417186289539,0.10427822411661918,0.10189374080687227,0.08922068238374689,0.06283267294522045,0.055574175594540726,0.02158259232740113,0.02074768799891177,0.020402093949884587,0.01878865875274257,0.017466375706997734,0.01628322461115617,0.016112253638845078,0.009852363954867731,0.008395857294285922,0.007759859103923231,0.00676957295666044,0.003724791450303976,0.0026963725394605798,0.0026507924986561987,0.0025074765597871557,0.0,0.0,0.0,0.0,0.0,0.0,0.0,0.0,0.0,0.0,0.0,0.0,0.0,0.0,0.0,0.0,0.0,0.0,0.0,0.0,0.0,0.0,0.0,0.0,0.0,0.0,0.0,0.0,0.0,0.0,0.0,0.0,0.0,0.0,0.0,0.0,0.0,0.0,0.0,0.0,0.0,0.0,0.0,0.0,0.0,0.02771896576399001,0.02492930432225081,0.0024346707303700642,0.0,0.0,0.0,0.0,0.0,0.0,0.0,0.0,0.0,0.0,0.2548369659183189,0.03846364555389359,0.033152169689739934,0.025205732550166848,0.017539380506409262,0.017155953779244698,0.013939265151371128,0.0,0.0,0.0,0.0,0.0,0.0,0.0,0.0,0.0,0.0,0.0,0.0,0.0,0.0,0.0,0.0,0.0,0.0,0.0,0.0,0.0,0.0,0.0,0.0,0.0,0.0,0.0,0.0,0.0,0.0,0.0,0.0,0.0,0.0,0.0,0.0,0.0,0.0,0.0,0.0,0.0
85,Rh,CH3CCOO,4.26048,0.18933,1.7671400000000002,1,1,2,3,2,0,4.5356458275184135,4.435935969829963,0.3515900066460608,3.715249159084705,3.713387915147206,3.1508962665672566,0.12350586667177725,0.12334257615416301,0.09481931055498892,0.034574220990861375,0.034312825161940695,0.007479574533775925,0.0,0.0,0.0,0.0,0.0,0.0,0.0,0.0,0.0,16.983067631180337,11.644253383663036,0.5976465216144278,0.5145966395679411,0.3123415777697212,0.040421840601261166,1.0120645150821308,1.0118469125121572,0.2662737870797198,0.20986119654194985,0.17961010948264775,0.1379820031083117,0.13760298921505565,0.1325994093286854,0.12011660486425857,0.1199073468107496,0.026945218318324967,0.02317429572086434,0.017765688480150647,0.01758984526057884,0.017271831386092385,0.013579695939515666,0.013406898489647007,0.004816765082781692,0.003863653537252761,0.003815416253227236,0.002466088701398139,0.002287889873070197,0.0,0.0,0.0,0.0,0.0,0.0,0.0,0.0,0.0,0.0,0.0,0.0,0.0,0.0,0.0,0.0,0.0,0.0,0.0,0.0,0.0,0.0,0.0,0.0,0.0,0.0,0.0,0.0,0.0,0.0,0.0,0.0,0.0,0.0,0.0,0.0,0.0,0.0,0.0,0.0,0.0,0.0,0.0,0.0,0.0,0.0,0.0,0.0,0.0,0.0,0.05724247890715176,0.055840316508675235,0.005358680512663439,0.0033350763125108585,0.003328653928804873,0.0,0.0,0.0,0.0,0.0,0.0,0.0,1.129195170772003,1.601137603707674,0.1137306022063665,0.1125161071424826,0.08409495649241737,0.08338040668004951,0.07267612866645318,0.020174902572434403,0.01973650664243714,0.019651132026509862,0.00043905565356811346,0.0,0.0,0.0,0.0,0.0,0.0,0.0,0.0,0.0,0.0,0.0,0.0,0.0,0.0,0.0,0.0,0.0,0.0,0.0,0.0,0.0,0.0,0.0,0.0,0.0,0.0,0.0,0.0,0.0,0.0,0.0,0.0,0.0,0.0,0.0,0.0,0.0,0.0
86,Rh,CH3CCOOH,4.26048,0.18933,1.7671400000000002,1,1,2,3,2,1,5.54288693849432,4.462748879820153,0.36639655655076336,3.711270740071976,3.7039970822968677,3.3091770922980213,0.24563980069497166,0.11999738371088825,0.11953290832853465,0.10209808286632337,0.033305920469695376,0.0332439018464446,0.014559047572166103,0.008427311702395242,0.006165898904593486,0.0,0.0,0.0,0.0,0.0,0.0,14.564986229715547,10.57251680752437,0.5917240101489293,0.5320070209824542,0.3342440397267125,0.04307015594470443,0.9462107049968428,0.941611526037021,0.2264772422012576,0.19298395670406734,0.1912595206514303,0.15683452130288472,0.14904300857002778,0.12492516861064927,0.11117683730614243,0.110552583543222,0.02367092377810957,0.023558012995611614,0.02112906489259608,0.02094213245883552,0.019864667010709564,0.017419657320386726,0.015935555710379138,0.012407362640359023,0.012325818148187184,0.005638965739417322,0.0026549679844004442,0.0026239475468664113,0.002419090148083905,0.0023935723692602127,0.0015074343611209686,0.0,0.0,0.0,0.0,0.0,0.0,0.0,0.0,0.0,0.0,0.0,0.0,0.0,0.0,0.0,0.0,0.0,0.0,0.0,0.0,0.0,0.0,0.0,0.0,0.0,0.0,0.0,0.0,0.0,0.0,0.0,0.0,0.0,0.0,0.0,0.0,0.0,0.0,0.0,0.0,0.0,0.0,0.0,0.0,0.0,0.0,0.0,8.80190980459812,0.14657052261551612,0.0613613508045853,0.057817869682190624,0.005948545950169732,0.0036133967859095385,0.003477449305188476,0.0,0.0,0.0,0.0,0.0,1.1322094439802255,1.2786653682080618,0.10768456424566457,0.10658729618038773,0.07644321880897388,0.07354824969402979,0.01887863806355933,0.015628136639490604,0.014886842382387775,0.0,0.0,0.0,0.0,0.0,0.0,0.0,0.0,0.0,0.0,0.0,0.0,0.0,0.0,0.0,0.0,0.0,0.0,0.0,0.0,0.0,0.0,0.0,0.0,0.0,0.0,0.0,0.0,0.0,0.0,0.0,0.0,0.0,0.0,0.0,0.0,0.0,0.0,0.0,0.0
87,Rh,CH3CH,4.26048,0.18933,1.7671400000000002,1,0,1,4,0,0,4.487944778680009,0.0,0.0,3.7652069485329682,3.6886948267714823,3.6876235759139484,1.9305875339732308,0.14714968881064838,0.1240591968398254,0.12286767126344784,0.1227803520462086,0.0,0.0,0.0,0.0,0.0,0.0,0.0,0.0,0.0,0.0,0.0,0.0,0.0,0.0,0.0,0.0,1.1229228982591148,1.1214618566047454,0.7816914706299287,0.12119764869341285,0.1186904829268278,0.06792715773785707,0.049702978733080085,0.049431366297274654,0.04695262589115831,0.03936306815801782,0.02583483158809809,0.005333827521731345,0.005255387065036778,0.0032141947676117897,0.0004938761886877502,0.0004654425848575894,0.0,0.0,0.0,0.0,0.0,0.0,0.0,0.0,0.0,0.0,0.0,0.0,0.0,0.0,0.0,0.0,0.0,0.0,0.0,0.0,0.0,0.0,0.0,0.0,0.0,0.0,0.0,0.0,0.0,0.0,0.0,0.0,0.0,0.0,0.0,0.0,0.0,0.0,0.0,0.0,0.0,0.0,0.0,0.0,0.0,0.0,0.0,0.0,0.0,0.0,0.0,0.0,0.0,0.0,0.0,0.0,0.0,0.0,0.0,0.0,0.0,0.0,0.0,0.0,0.0,0.0,0.0,0.0,0.0,0.0,0.0,0.0,0.0,0.0,0.0,0.0,0.0,0.0,0.0,0.0,0.0,0.0,0.0,0.0,0.0,0.0,0.0,0.0,0.0,0.0,0.0,0.0,0.0,0.0,0.0,0.0,0.0,0.0,0.0,0.0,0.0,0.0,0.0,0.0,0.0,0.0,0.0,0.0,0.0,0.0,0.0,0.0,0.0,0.0,0.0,0.0,0.0
88,Rh,CH3CH2,4.26048,0.18933,1.7671400000000002,1,0,1,5,0,0,4.517152499614137,0.0,0.0,3.7202802840468023,3.720113794106218,3.6814867828234212,3.6624791859608834,3.610062322882194,0.12391153641544372,0.11901758279734638,0.11901259857645698,0.11734241414584365,0.11697537397190337,0.0,0.0,0.0,0.0,0.0,0.0,0.0,0.0,0.0,0.0,0.0,0.0,0.0,0.0,0.9449049713122952,0.1251615786526949,0.07024376297712784,0.061368767242609076,0.05269924321349441,0.049888671623789474,0.04931679466289501,0.04720339992466699,0.04720162715943674,0.01015990936326552,0.006393671586641232,7.489676115953262e-05,0.0,0.0,0.0,0.0,0.0,0.0,0.0,0.0,0.0,0.0,0.0,0.0,0.0,0.0,0.0,0.0,0.0,0.0,0.0,0.0,0.0,0.0,0.0,0.0,0.0,0.0,0.0,0.0,0.0,0.0,0.0,0.0,0.0,0.0,0.0,0.0,0.0,0.0,0.0,0.0,0.0,0.0,0.0,0.0,0.0,0.0,0.0,0.0,0.0,0.0,0.0,0.0,0.0,0.0,0.0,0.0,0.0,0.0,0.0,0.0,0.0,0.0,0.0,0.0,0.0,0.0,0.0,0.0,0.0,0.0,0.0,0.0,0.0,0.0,0.0,0.0,0.0,0.0,0.0,0.0,0.0,0.0,0.0,0.0,0.0,0.0,0.0,0.0,0.0,0.0,0.0,0.0,0.0,0.0,0.0,0.0,0.0,0.0,0.0,0.0,0.0,0.0,0.0,0.0,0.0,0.0,0.0,0.0,0.0,0.0,0.0,0.0,0.0,0.0,0.0,0.0,0.0,0.0,0.0,0.0,0.0
89,Rh,CH3CH2CO,4.26048,0.18933,1.7671400000000002,1,1,2,5,1,0,4.3746554906047885,4.232370044606806,0.3160196841973215,3.7711715714453473,3.7576207966510897,3.7429384968044257,3.6913069568001564,3.6584664062188264,0.13657265132667454,0.12784036433587995,0.12205278891367732,0.11904166967806105,0.11859283882482625,0.11830944047077516,0.11754819264750065,0.031433352938697236,0.029884017916202644,0.008342371494199852,0.0,0.0,0.0,13.042391892311766,0.5815558688473588,0.18296157002280575,0.0,0.0,0.0,0.9112090771617251,0.8948206985903703,0.2980224319343727,0.10905668619981466,0.10445533940442532,0.09239480346451102,0.06496045012196157,0.030551307658345607,0.028552501019104764,0.028197944347659137,0.02184127492261913,0.011705970933977563,0.009902620361026135,0.005148609525100448,0.0021525875684739113,0.001914410179754016,0.0,0.0,0.0,0.0,0.0,0.0,0.0,0.0,0.0,0.0,0.0,0.0,0.0,0.0,0.0,0.0,0.0,0.0,0.0,0.0,0.0,0.0,0.0,0.0,0.0,0.0,0.0,0.0,0.0,0.0,0.0,0.0,0.0,0.0,0.0,0.0,0.0,0.0,0.0,0.0,0.0,0.0,0.0,0.0,0.0,0.0,0.0,0.0,0.0,0.0,0.0,0.0,0.0,0.0,0.0,0.0,0.052817483667016114,0.050332497649872916,0.016184492097318887,0.015410219801826509,0.0037746992034757617,0.0,0.0,0.0,0.0,0.0,0.0,0.0,0.0,1.3490374605391933,0.26555755204719433,0.2642777565338224,0.07747959132321355,0.0771732310680868,0.02722426313832316,0.009278256756763931,0.0008414209168744434,0.0,0.0,0.0,0.0,0.0,0.0,0.0,0.0,0.0,0.0,0.0,0.0,0.0,0.0,0.0,0.0,0.0,0.0,0.0,0.0,0.0,0.0,0.0,0.0,0.0,0.0,0.0,0.0,0.0,0.0,0.0,0.0,0.0,0.0,0.0,0.0,0.0,0.0,0.0,0.0
90,Rh,CH3CH2COO,4.26048,0.18933,1.7671400000000002,0,2,2,5,2,0,4.475292420711481,4.354430799848563,0.3030936479671239,3.773966756033337,3.769964802479024,3.755595025569248,3.704705368202045,3.6929797833755194,0.1404952921591412,0.13914141138243094,0.12393530113877994,0.11914678566929653,0.11906835571831376,0.11835268212561036,0.11755110606081798,0.028773830023469945,0.028415217387200525,0.008158491606619953,0.0,0.0,0.0,14.117878755113614,13.926045333920756,0.6090181486874281,0.5799476785193175,0.26416495017693065,0.04140057026634058,0.14620831243953056,0.14555359170236115,0.041194356836914865,0.03815012670553261,0.002948897871585865,0.0024270610663218767,0.0,0.0,0.0,0.0,0.0,0.0,0.0,0.0,0.0,0.0,0.0,0.0,0.0,0.0,0.0,0.0,0.0,0.0,0.0,0.0,0.0,0.0,0.0,0.0,0.0,0.0,0.0,0.0,0.0,0.0,0.0,0.0,0.0,0.0,0.0,0.0,0.0,0.0,0.0,0.0,0.0,0.0,0.0,0.0,0.0,0.0,0.0,0.0,0.0,0.0,0.0,0.0,0.0,0.0,0.0,0.0,0.0,0.0,0.0,0.0,0.0,0.0,0.0,0.0,0.0,0.0,0.06425244950862037,0.060303518077460115,0.04792791487159742,0.04399532228404411,0.024388643199304942,0.02282277437121684,0.0049702832701793934,0.0031115710883244537,0.002964550551268365,0.0,0.0,0.0,1.0089430056128417,1.30454663616398,1.2915432097104451,0.11814285269365217,0.1173597642379834,0.08443674128772448,0.08395931625140393,0.08218254851768668,0.08188846857993047,0.06262249014203576,0.06220549833442046,0.061204686434358835,0.06022766609977034,0.052900943474376766,0.0,0.0,0.0,0.0,0.0,0.0,0.0,0.0,0.0,0.0,0.0,0.0,0.0,0.0,0.0,0.0,0.0,0.0,0.0,0.0,0.0,0.0,0.0,0.0,0.0,0.0,0.0,0.0,0.0,0.0,0.0,0.0,0.0,0.0,0.0
91,Rh,CH3CH2COOH,4.26048,0.18933,1.7671400000000002,0,0,2,5,2,1,4.6447931793762285,4.312478115918385,0.3036573232329109,3.786940019089299,3.767879008304144,3.7617523811618816,3.755342899575506,3.6529805403158258,0.2265775743014123,0.1472341100612689,0.1425996545004779,0.12412346415811434,0.12025863815512007,0.11852642461955915,0.11821045758290108,0.1153580548886409,0.02853950266056135,0.028074546967932514,0.012699096258987795,0.008267607422579697,0.0042095408519859275,15.718226491640284,11.920986187339551,0.5884487511081524,0.5851318095868636,0.24909429952008716,0.04489454201140037,0.11413660221353793,0.020734515482070157,0.007967902166926475,0.006710846453046882,0.0,0.0,0.0,0.0,0.0,0.0,0.0,0.0,0.0,0.0,0.0,0.0,0.0,0.0,0.0,0.0,0.0,0.0,0.0,0.0,0.0,0.0,0.0,0.0,0.0,0.0,0.0,0.0,0.0,0.0,0.0,0.0,0.0,0.0,0.0,0.0,0.0,0.0,0.0,0.0,0.0,0.0,0.0,0.0,0.0,0.0,0.0,0.0,0.0,0.0,0.0,0.0,0.0,0.0,0.0,0.0,0.0,0.0,0.0,0.0,0.0,0.0,0.0,0.0,0.0,0.0,0.0,0.0,7.28057272396604,0.10338119683761336,0.07643256551744161,0.0594895027522095,0.041107083005544935,0.034727749932701564,0.029437581158828444,0.018228690093704654,0.004871940820399025,0.004691342552299039,0.002688975426791367,0.0,1.0228910799563942,1.1096809611130762,0.09774468790833102,0.09437710376318052,0.09086453367803342,0.08228840758047516,0.06641998877467452,0.06169075555664935,0.04269297913619455,0.0010074041166692298,0.00011806996025928025,0.0,0.0,0.0,0.0,0.0,0.0,0.0,0.0,0.0,0.0,0.0,0.0,0.0,0.0,0.0,0.0,0.0,0.0,0.0,0.0,0.0,0.0,0.0,0.0,0.0,0.0,0.0,0.0,0.0,0.0,0.0,0.0,0.0,0.0,0.0,0.0,0.0,0.0
92,Rh,CH3CH3,4.26048,0.18933,1.7671400000000002,0,0,1,6,0,0,4.358115617457457,0.0,0.0,3.7434740511972566,3.7382753866398106,3.731454825300265,3.7274735391957634,3.7030700308461753,3.5639185026804703,0.11831054368328693,0.11805959364745885,0.11799707598215856,0.11742331661944695,0.11687082709157615,0.11676652828429117,0.0,0.0,0.0,0.0,0.0,0.0,0.0,0.0,0.0,0.0,0.0,0.0,0.042810513721971415,0.021086357880001846,0.012423361330966396,0.0088392154258744,0.005778685703143146,0.0036608168316135882,0.0005670317878559912,0.0,0.0,0.0,0.0,0.0,0.0,0.0,0.0,0.0,0.0,0.0,0.0,0.0,0.0,0.0,0.0,0.0,0.0,0.0,0.0,0.0,0.0,0.0,0.0,0.0,0.0,0.0,0.0,0.0,0.0,0.0,0.0,0.0,0.0,0.0,0.0,0.0,0.0,0.0,0.0,0.0,0.0,0.0,0.0,0.0,0.0,0.0,0.0,0.0,0.0,0.0,0.0,0.0,0.0,0.0,0.0,0.0,0.0,0.0,0.0,0.0,0.0,0.0,0.0,0.0,0.0,0.0,0.0,0.0,0.0,0.0,0.0,0.0,0.0,0.0,0.0,0.0,0.0,0.0,0.0,0.0,0.0,0.0,0.0,0.0,0.0,0.0,0.0,0.0,0.0,0.0,0.0,0.0,0.0,0.0,0.0,0.0,0.0,0.0,0.0,0.0,0.0,0.0,0.0,0.0,0.0,0.0,0.0,0.0,0.0,0.0,0.0,0.0,0.0,0.0,0.0,0.0,0.0,0.0,0.0,0.0,0.0,0.0,0.0,0.0,0.0
93,Rh,CH3CHCO,4.26048,0.18933,1.7671400000000002,2,0,2,4,1,0,5.847928128418992,4.638819922876281,0.30733466285093103,3.778129898990532,3.77739392068216,3.761397477321797,3.6616960338715203,0.12788366473194432,0.12635540149639765,0.12556322342953727,0.12323763317719448,0.1101221869763109,0.035282965350242064,0.020214279838891458,0.009185065056438187,0.0,0.0,0.0,0.0,0.0,0.0,13.245724042853574,0.573854251633078,0.197532430712406,0.0,0.0,0.0,1.0656211555418516,0.7320901118336518,0.6865441212676374,0.3915776634495196,0.12785346741752515,0.1102917488533277,0.09564383550085492,0.06774894597470711,0.051190291420521165,0.042857635563795626,0.03962765779604505,0.028645831621547824,0.023469271695830882,0.018504385574416072,0.015736477588053546,0.015478253642097515,0.0101281419774809,0.00909783416892648,0.007995850310636682,0.00501117293270225,0.002804054848855465,0.001956472299218425,0.0005511614224048902,0.0,0.0,0.0,0.0,0.0,0.0,0.0,0.0,0.0,0.0,0.0,0.0,0.0,0.0,0.0,0.0,0.0,0.0,0.0,0.0,0.0,0.0,0.0,0.0,0.0,0.0,0.0,0.0,0.0,0.0,0.0,0.0,0.0,0.0,0.0,0.0,0.0,0.0,0.0,0.0,0.0,0.0,0.0,0.0,0.0,0.0,0.0,0.0,0.0,0.054901001666614574,0.017608045283019562,0.016118017811508463,0.004003630157042661,0.0,0.0,0.0,0.0,0.0,0.0,0.0,0.0,0.0,1.2826122261732156,0.2503479831866905,0.16913083194276352,0.1012569943587362,0.056037305174033325,0.0286618114314101,0.005323565687589415,0.0,0.0,0.0,0.0,0.0,0.0,0.0,0.0,0.0,0.0,0.0,0.0,0.0,0.0,0.0,0.0,0.0,0.0,0.0,0.0,0.0,0.0,0.0,0.0,0.0,0.0,0.0,0.0,0.0,0.0,0.0,0.0,0.0,0.0,0.0,0.0,0.0,0.0,0.0,0.0,0.0
94,Rh,CH3CHCOO,4.26048,0.18933,1.7671400000000002,1,2,2,4,2,0,5.267145449495119,4.626809042265837,0.30647370236571136,3.794601632043905,3.7217538982551086,3.7011153753242736,3.640731824933277,0.13192218092960614,0.12603264507452355,0.1232928732094665,0.1206540136590717,0.1134858857045715,0.032742137915241644,0.02314336494869965,0.008508967791532044,0.0,0.0,0.0,0.0,0.0,0.0,12.464972967907045,12.177360891161767,0.5746115463641018,0.5641808421367686,0.20082220034519066,0.04199561994693606,0.8185190559215915,0.3309521182955541,0.29342245623519536,0.2879769556992328,0.11420834478256925,0.06450845328385561,0.05784314135552617,0.05730364509811967,0.0567694508696231,0.04657100108092287,0.04459561479615512,0.042715856153187064,0.040764140955832216,0.02710016272631691,0.02584189056057193,0.02531277040217146,0.011076765228280749,0.005066793344986144,0.0,0.0,0.0,0.0,0.0,0.0,0.0,0.0,0.0,0.0,0.0,0.0,0.0,0.0,0.0,0.0,0.0,0.0,0.0,0.0,0.0,0.0,0.0,0.0,0.0,0.0,0.0,0.0,0.0,0.0,0.0,0.0,0.0,0.0,0.0,0.0,0.0,0.0,0.0,0.0,0.0,0.0,0.0,0.0,0.0,0.0,0.0,0.0,0.0,0.0,0.0,0.0,0.0,0.0,0.07150037609584349,0.05836321573296574,0.017148178353169428,0.015794810546917483,0.004110466656846279,0.0037430972329528024,0.002768155583192185,0.0,0.0,0.0,0.0,0.0,1.0109472770484045,1.3849882522381265,1.3361606047503691,0.13293495501023542,0.12633748518672652,0.11805253807835416,0.1156403827105931,0.07849801479245172,0.0757290802438355,0.073667866489175,0.07220533152498024,0.055073089992742436,2.1817773800669737e-06,0.0,0.0,0.0,0.0,0.0,0.0,0.0,0.0,0.0,0.0,0.0,0.0,0.0,0.0,0.0,0.0,0.0,0.0,0.0,0.0,0.0,0.0,0.0,0.0,0.0,0.0,0.0,0.0,0.0,0.0,0.0,0.0,0.0,0.0,0.0,0.0
95,Rh,CH3CHCOOH,4.26048,0.18933,1.7671400000000002,1,0,2,4,2,1,5.659046875331785,4.525005404982445,0.33687163015210825,3.8121401780261626,3.705757425418597,3.697684474956007,3.64096847056826,0.23034788326846894,0.1373084228942719,0.12357427818048602,0.12221963348178175,0.11898057452000245,0.11291356134427055,0.036371978899651165,0.02506979721920011,0.014415093745355429,0.009196569758626231,0.0005128068945747673,0.0,0.0,0.0,14.483066034965265,9.429463051236182,0.5871366709677369,0.5412813315348257,0.18196372693813834,0.045112933660630204,0.8029406300872666,0.2777585031396238,0.25581695608906685,0.15728803297127494,0.1150088386531345,0.07067598201790885,0.05657474825188925,0.050681925812967064,0.045534967612478605,0.03933403439641499,0.030456965810693543,0.01705720538584236,0.015242524456125141,0.008758063473445016,0.0,0.0,0.0,0.0,0.0,0.0,0.0,0.0,0.0,0.0,0.0,0.0,0.0,0.0,0.0,0.0,0.0,0.0,0.0,0.0,0.0,0.0,0.0,0.0,0.0,0.0,0.0,0.0,0.0,0.0,0.0,0.0,0.0,0.0,0.0,0.0,0.0,0.0,0.0,0.0,0.0,0.0,0.0,0.0,0.0,0.0,0.0,0.0,0.0,0.0,0.0,0.0,0.0,0.0,0.0,0.0,0.0,0.0,8.560287831595078,0.12929494216152485,0.08216262734715997,0.05208382108994049,0.015931282832179962,0.014940320080253788,0.004584604602899287,0.0036866602100561977,0.002838213816118364,0.0,0.0,0.0,1.014850791971852,1.020768788879686,0.4646674930388101,0.11017419116829974,0.09242209480419504,0.0851608210162466,0.07642233289662502,0.07425344584631907,0.053652141935595817,0.0476578824456792,0.044798606391094856,0.040722608436100524,0.024449275556363285,0.023889362452082667,0.0,0.0,0.0,0.0,0.0,0.0,0.0,0.0,0.0,0.0,0.0,0.0,0.0,0.0,0.0,0.0,0.0,0.0,0.0,0.0,0.0,0.0,0.0,0.0,0.0,0.0,0.0,0.0,0.0,0.0,0.0,0.0,0.0,0.0,0.0
96,Rh,CHCH,4.26048,0.18933,1.7671400000000002,2,0,1,2,0,0,6.965080650749223,0.0,0.0,3.809809087079618,3.809339054847951,0.10801053779689478,0.10796908919521386,0.0,0.0,0.0,0.0,0.0,0.0,0.0,0.0,0.0,0.0,0.0,0.0,0.0,0.0,0.0,0.0,0.0,0.0,0.0,0.0,1.1720232895564076,1.1712090219792224,0.8285316939089836,0.8284307360954711,0.20463489055920644,0.2041126082179603,0.1493830341809017,0.14851593294424045,0.02530029832511061,0.02523431987904214,0.02163061098346585,0.020526492813248958,0.020524192503299808,0.014497020886787096,0.014397546662772206,0.006102988156901891,0.006076441371486857,0.003650911133926488,0.0035940432805070493,0.0014724460882872756,0.0014358118482893473,0.0,0.0,0.0,0.0,0.0,0.0,0.0,0.0,0.0,0.0,0.0,0.0,0.0,0.0,0.0,0.0,0.0,0.0,0.0,0.0,0.0,0.0,0.0,0.0,0.0,0.0,0.0,0.0,0.0,0.0,0.0,0.0,0.0,0.0,0.0,0.0,0.0,0.0,0.0,0.0,0.0,0.0,0.0,0.0,0.0,0.0,0.0,0.0,0.0,0.0,0.0,0.0,0.0,0.0,0.0,0.0,0.0,0.0,0.0,0.0,0.0,0.0,0.0,0.0,0.0,0.0,0.0,0.0,0.0,0.0,0.0,0.0,0.0,0.0,0.0,0.0,0.0,0.0,0.0,0.0,0.0,0.0,0.0,0.0,0.0,0.0,0.0,0.0,0.0,0.0,0.0,0.0,0.0,0.0,0.0,0.0,0.0,0.0,0.0,0.0,0.0,0.0,0.0,0.0,0.0,0.0,0.0,0.0,0.0,0.0,0.0,0.0
97,Rh,CHCHCO,4.26048,0.18933,1.7671400000000002,3,0,2,2,1,0,6.0758389974666,5.019868531329097,0.3335151566367574,3.7784950130666,3.5257415990888816,0.12600202757819318,0.1165889221672424,0.11366336684512153,0.00912493630057798,0.0,0.0,0.0,0.0,0.0,0.0,0.0,0.0,0.0,0.0,0.0,0.0,18.116223359478,0.5664946175027304,0.056693202050370026,0.0,0.0,0.0,1.205422012211376,1.1868553306316978,0.818045197505372,0.7736150326616488,0.4359890162079955,0.19032352791267249,0.17545595071843598,0.1405842611875414,0.11217219784914652,0.0919962882066547,0.08197307422079261,0.05082562669471849,0.04674695710470717,0.04380254098520346,0.04062986955342965,0.031005085157552664,0.030288841997588405,0.02212352981068764,0.018520701599675064,0.013204638023085292,0.01309715083877289,0.010270166343204237,0.009986718300644636,0.0069592039006990064,0.0032794082951047407,0.0030803257875588914,0.0018797125685930808,0.0001583653765000574,0.0,0.0,0.0,0.0,0.0,0.0,0.0,0.0,0.0,0.0,0.0,0.0,0.0,0.0,0.0,0.0,0.0,0.0,0.0,0.0,0.0,0.0,0.0,0.0,0.0,0.0,0.0,0.0,0.0,0.0,0.0,0.0,0.0,0.0,0.0,0.0,0.0,0.0,0.0,0.0,0.0,0.0,0.0,0.0,0.052195866897368035,0.0007988884815474584,0.0,0.0,0.0,0.0,0.0,0.0,0.0,0.0,0.0,0.0,0.0,0.2507303551975751,0.053681449314536785,0.047166086365271385,0.023318368574187048,0.023137455949506808,0.004515515910524532,0.0039114076292359155,0.0,0.0,0.0,0.0,0.0,0.0,0.0,0.0,0.0,0.0,0.0,0.0,0.0,0.0,0.0,0.0,0.0,0.0,0.0,0.0,0.0,0.0,0.0,0.0,0.0,0.0,0.0,0.0,0.0,0.0,0.0,0.0,0.0,0.0,0.0,0.0,0.0,0.0,0.0,0.0,0.0
98,Rh,CHCHCOOH,4.26048,0.18933,1.7671400000000002,2,0,2,2,2,1,5.714170201792292,5.613258906193306,0.3129477462454817,3.8455342400810673,2.9475335405605736,0.2457436607231979,0.13368022568588994,0.1290854536304844,0.1192030048628842,0.015463560888438744,0.009898761309767818,0.00038990871740158037,0.0,0.0,0.0,0.0,0.0,0.0,0.0,0.0,0.0,15.146512262073484,10.677525568062967,0.6548509906849336,0.5325973491761573,0.1472130340039482,0.0473552691143524,1.2250779574657535,0.8656561166283079,0.7555514707829277,0.6756620343917535,0.1569813714594846,0.14341258340164462,0.10792480064527747,0.07024582981643215,0.0690330443540148,0.06577418434871808,0.05039468418808879,0.039104449326434816,0.02980990327676597,0.020955557747276563,0.020481135911741662,0.018037174411576408,0.015275618234999112,0.00654021662447549,0.005969775858520099,0.003029103248069425,0.0015425122685962939,0.0,0.0,0.0,0.0,0.0,0.0,0.0,0.0,0.0,0.0,0.0,0.0,0.0,0.0,0.0,0.0,0.0,0.0,0.0,0.0,0.0,0.0,0.0,0.0,0.0,0.0,0.0,0.0,0.0,0.0,0.0,0.0,0.0,0.0,0.0,0.0,0.0,0.0,0.0,0.0,0.0,0.0,0.0,0.0,0.0,0.0,0.0,0.0,0.0,0.0,0.0,8.807431279198976,0.13544863127282702,0.09041334849462954,0.015457551192275685,0.002626300536014245,0.001241229906201481,0.0,0.0,0.0,0.0,0.0,0.0,1.099020209766927,1.1601065479255657,0.09741070274721267,0.079987959002436,0.07868651369146451,0.06932318538464044,0.06287538982866099,0.06106376296073024,0.01844177319895001,0.014707536327862768,0.012044965620022312,0.0,0.0,0.0,0.0,0.0,0.0,0.0,0.0,0.0,0.0,0.0,0.0,0.0,0.0,0.0,0.0,0.0,0.0,0.0,0.0,0.0,0.0,0.0,0.0,0.0,0.0,0.0,0.0,0.0,0.0,0.0,0.0,0.0,0.0,0.0,0.0,0.0,0.0
99,Rh,CO,4.26048,0.18933,1.7671400000000002,1,0,0,0,1,0,0.0,0.0,0.0,0.0,0.0,0.0,0.0,0.0,0.0,0.0,0.0,0.0,0.0,0.0,0.0,0.0,0.0,0.0,0.0,0.0,0.0,19.528124181014554,0.0,0.0,0.0,0.0,0.0,0.989891080896459,0.9881785757565754,0.9881785757565754,0.05763683408184647,0.05763683408184125,0.05724516152382712,0.044850546944123104,0.00305509852246277,0.00305509852246277,0.002969800470360364,0.0029602358535952104,0.0029602358535952104,0.0,0.0,0.0,0.0,0.0,0.0,0.0,0.0,0.0,0.0,0.0,0.0,0.0,0.0,0.0,0.0,0.0,0.0,0.0,0.0,0.0,0.0,0.0,0.0,0.0,0.0,0.0,0.0,0.0,0.0,0.0,0.0,0.0,0.0,0.0,0.0,0.0,0.0,0.0,0.0,0.0,0.0,0.0,0.0,0.0,0.0,0.0,0.0,0.0,0.0,0.0,0.0,0.0,0.0,0.0,0.0,0.0,0.0,0.0,0.0,0.0,0.0,0.0,0.0,0.0,0.0,0.0,0.0,0.0,0.0,0.0,0.0,0.0,0.1912329332949827,0.1912329332949827,0.19062753550766612,0.01646069388881029,0.016460693888808175,0.01641401609530451,0.0,0.0,0.0,0.0,0.0,0.0,0.0,0.0,0.0,0.0,0.0,0.0,0.0,0.0,0.0,0.0,0.0,0.0,0.0,0.0,0.0,0.0,0.0,0.0,0.0,0.0,0.0,0.0,0.0,0.0,0.0,0.0,0.0,0.0,0.0,0.0,0.0,0.0,0.0,0.0,0.0,0.0
100,Rh,CO2,4.26048,0.18933,1.7671400000000002,0,0,0,0,2,0,0.0,0.0,0.0,0.0,0.0,0.0,0.0,0.0,0.0,0.0,0.0,0.0,0.0,0.0,0.0,0.0,0.0,0.0,0.0,0.0,0.0,17.916521219502656,13.836808560822961,0.0,0.0,0.0,0.0,1.0157746851797562,0.24975279725756666,0.10462735659992148,0.09497127034011624,0.028167635739877562,0.025240182263816892,0.012819060259055043,0.005121366908160323,0.0005993064715190052,0.0,0.0,0.0,0.0,0.0,0.0,0.0,0.0,0.0,0.0,0.0,0.0,0.0,0.0,0.0,0.0,0.0,0.0,0.0,0.0,0.0,0.0,0.0,0.0,0.0,0.0,0.0,0.0,0.0,0.0,0.0,0.0,0.0,0.0,0.0,0.0,0.0,0.0,0.0,0.0,0.0,0.0,0.0,0.0,0.0,0.0,0.0,0.0,0.0,0.0,0.0,0.0,0.0,0.0,0.0,0.0,0.0,0.0,0.0,0.0,0.0,0.0,0.0,0.0,0.0,0.0,0.0,0.0,0.0,0.0,0.0,0.0,0.0,0.0,0.0,0.9644701375188394,1.277725432776177,0.31289147561313063,0.2406855413964862,0.1147558090443126,0.11027064275896488,0.048245554400509885,0.046441572516201166,0.02801178229659788,0.027846485676200218,0.026642669016423055,0.025748531026275598,0.022076238231113716,0.020636987450459745,0.003331431925122131,0.0,0.0,0.0,0.0,0.0,0.0,0.0,0.0,0.0,0.0,0.0,0.0,0.0,0.0,0.0,0.0,0.0,0.0,0.0,0.0,0.0,0.0,0.0,0.0,0.0,0.0,0.0,0.0,0.0,0.0,0.0,0.0,0.0,0.0
101,Rh,COOH,4.26048,0.18933,1.7671400000000002,1,0,0,0,2,1,0.0,0.0,0.0,0.2418588865757655,0.0,0.0,0.0,0.0,0.0,0.0,0.0,0.0,0.0,0.0,0.0,0.0,0.0,0.0,0.0,0.0,0.0,14.473588687335852,11.045274678949234,0.0,0.0,0.0,0.0,1.3220693712149083,0.245831367442248,0.1097560630365142,0.0993149182692248,0.034228814374424134,0.03124051074550112,0.017916068649158786,0.006647136821625557,0.0,0.0,0.0,0.0,0.0,0.0,0.0,0.0,0.0,0.0,0.0,0.0,0.0,0.0,0.0,0.0,0.0,0.0,0.0,0.0,0.0,0.0,0.0,0.0,0.0,0.0,0.0,0.0,0.0,0.0,0.0,0.0,0.0,0.0,0.0,0.0,0.0,0.0,0.0,0.0,0.0,0.0,0.0,0.0,0.0,0.0,0.0,0.0,0.0,0.0,0.0,0.0,0.0,0.0,0.0,0.0,0.0,0.0,0.0,0.0,0.0,0.0,0.0,0.0,8.562760304185735,0.13486122212082596,0.0,0.0,0.0,0.0,0.0,0.0,0.0,0.0,0.0,0.0,1.1083547536377425,1.090763848443403,0.2678389017309407,0.22313709795784967,0.11288059945965898,0.1091558756030478,0.03978655681279575,0.038247118005616816,0.020198591106599304,0.0194983543600973,0.01812024900922456,0.01780823700304386,0.014004443801315427,0.012565674697826986,0.0020476396844289237,0.0,0.0,0.0,0.0,0.0,0.0,0.0,0.0,0.0,0.0,0.0,0.0,0.0,0.0,0.0,0.0,0.0,0.0,0.0,0.0,0.0,0.0,0.0,0.0,0.0,0.0,0.0,0.0,0.0,0.0,0.0,0.0,0.0,0.0
102,Rh,H2O,4.26048,0.18933,1.7671400000000002,0,0,0,0,0,2,0.0,0.0,0.0,0.0,0.0,0.0,0.0,0.0,0.0,0.0,0.0,0.0,0.0,0.0,0.0,0.0,0.0,0.0,0.0,0.0,0.0,0.0,0.0,0.0,0.0,0.0,0.0,0.0,0.0,0.0,0.0,0.0,0.0,0.0,0.0,0.0,0.0,0.0,0.0,0.0,0.0,0.0,0.0,0.0,0.0,0.0,0.0,0.0,0.0,0.0,0.0,0.0,0.0,0.0,0.0,0.0,0.0,0.0,0.0,0.0,0.0,0.0,0.0,0.0,0.0,0.0,0.0,0.0,0.0,0.0,0.0,0.0,0.0,0.0,0.0,0.0,0.0,0.0,0.0,0.0,0.0,0.0,0.0,0.0,0.0,0.0,0.0,0.0,0.0,0.0,0.0,0.0,0.0,0.0,0.0,0.0,0.0,0.0,0.0,8.854376271143966,8.837204086820213,0.0,0.0,0.0,0.0,0.0,0.0,0.0,0.0,0.0,0.0,0.0,0.8118842616006813,0.06485501942903972,0.06134451375041412,0.0606348314400909,0.05462954746981565,0.05391255419871754,0.0,0.0,0.0,0.0,0.0,0.0,0.0,0.0,0.0,0.0,0.0,0.0,0.0,0.0,0.0,0.0,0.0,0.0,0.0,0.0,0.0,0.0,0.0,0.0,0.0,0.0,0.0,0.0,0.0,0.0,0.0,0.0,0.0,0.0,0.0,0.0,0.0,0.0,0.0,0.0,0.0,0.0
103,Rh,OH,4.26048,0.18933,1.7671400000000002,0,1,0,0,0,1,0.0,0.0,0.0,0.0,0.0,0.0,0.0,0.0,0.0,0.0,0.0,0.0,0.0,0.0,0.0,0.0,0.0,0.0,0.0,0.0,0.0,0.0,0.0,0.0,0.0,0.0,0.0,0.0,0.0,0.0,0.0,0.0,0.0,0.0,0.0,0.0,0.0,0.0,0.0,0.0,0.0,0.0,0.0,0.0,0.0,0.0,0.0,0.0,0.0,0.0,0.0,0.0,0.0,0.0,0.0,0.0,0.0,0.0,0.0,0.0,0.0,0.0,0.0,0.0,0.0,0.0,0.0,0.0,0.0,0.0,0.0,0.0,0.0,0.0,0.0,0.0,0.0,0.0,0.0,0.0,0.0,0.0,0.0,0.0,0.0,0.0,0.0,0.0,0.0,0.0,0.0,0.0,0.0,0.0,0.0,0.0,0.0,0.0,0.0,9.100815743087443,0.0,0.0,0.0,0.0,0.0,0.0,0.0,0.0,0.0,0.0,0.0,0.0,1.1107165465852262,1.1107165465852262,1.0882555401316176,0.07270603481374234,0.07199688655246161,0.07199688655246161,0.02363424626751606,0.02361992683841434,0.02361992683841434,0.0032446010262261213,0.003055601866753302,0.003055601866753302,0.0,0.0,0.0,0.0,0.0,0.0,0.0,0.0,0.0,0.0,0.0,0.0,0.0,0.0,0.0,0.0,0.0,0.0,0.0,0.0,0.0,0.0,0.0,0.0,0.0,0.0,0.0,0.0,0.0,0.0,0.0,0.0,0.0,0.0,0.0,0.0
104,Ni,ch2c,4.65592,-0.17346,2.32863,2,0,1,2,0,0,7.124916144835353,0.0,0.0,3.83251309728057,3.829599062356528,0.12473924209643975,0.12455555087597928,0.0,0.0,0.0,0.0,0.0,0.0,0.0,0.0,0.0,0.0,0.0,0.0,0.0,0.0,0.0,0.0,0.0,0.0,0.0,0.0,1.4399144327864912,1.4350533033602624,1.237702949537515,0.6184431598681818,0.1123024133842293,0.11153159567429496,0.0875196310133454,0.08072193268094388,0.08069294950610731,0.05098478710268186,0.04998736479442468,0.03937406508097331,0.039365371672586434,0.038970381461904194,0.014406763818732557,0.014402560730975462,0.013940156769328756,0.003842364851025546,0.0038086832583266415,0.0037071327330915342,0.0016249879041446008,0.0015516239321662732,0.0011685707195542641,0.0,0.0,0.0,0.0,0.0,0.0,0.0,0.0,0.0,0.0,0.0,0.0,0.0,0.0,0.0,0.0,0.0,0.0,0.0,0.0,0.0,0.0,0.0,0.0,0.0,0.0,0.0,0.0,0.0,0.0,0.0,0.0,0.0,0.0,0.0,0.0,0.0,0.0,0.0,0.0,0.0,0.0,0.0,0.0,0.0,0.0,0.0,0.0,0.0,0.0,0.0,0.0,0.0,0.0,0.0,0.0,0.0,0.0,0.0,0.0,0.0,0.0,0.0,0.0,0.0,0.0,0.0,0.0,0.0,0.0,0.0,0.0,0.0,0.0,0.0,0.0,0.0,0.0,0.0,0.0,0.0,0.0,0.0,0.0,0.0,0.0,0.0,0.0,0.0,0.0,0.0,0.0,0.0,0.0,0.0,0.0,0.0,0.0,0.0,0.0,0.0,0.0,0.0,0.0,0.0,0.0,0.0,0.0,0.0,0.0
105,Ni,ch2ch,4.65592,-0.17346,2.32863,2,0,1,3,0,0,6.134707912128383,0.0,0.0,3.9550165716547774,3.946492933300211,2.9284261622258225,0.12816307197507984,0.12073835678216413,0.11081516400431712,0.0,0.0,0.0,0.0,0.0,0.0,0.0,0.0,0.0,0.0,0.0,0.0,0.0,0.0,0.0,0.0,0.0,0.0,1.3422081252190312,0.9915891893885976,0.8692078116521113,0.7992451259221465,0.11054860517796758,0.0846648247069508,0.07877706408544055,0.07753027849705235,0.06839453804216053,0.05610867034177956,0.056003240592314825,0.04630490511781287,0.0440985426833253,0.029729240857789524,0.02684250438657844,0.02428793324824636,0.016482794934348382,0.012093637053232706,0.009286107159867222,0.008283562999333288,0.0070262344584418115,0.00435548988923319,0.0020528046014527228,0.0020025469360616735,0.0015935258847492202,0.000844166451166542,0.0,0.0,0.0,0.0,0.0,0.0,0.0,0.0,0.0,0.0,0.0,0.0,0.0,0.0,0.0,0.0,0.0,0.0,0.0,0.0,0.0,0.0,0.0,0.0,0.0,0.0,0.0,0.0,0.0,0.0,0.0,0.0,0.0,0.0,0.0,0.0,0.0,0.0,0.0,0.0,0.0,0.0,0.0,0.0,0.0,0.0,0.0,0.0,0.0,0.0,0.0,0.0,0.0,0.0,0.0,0.0,0.0,0.0,0.0,0.0,0.0,0.0,0.0,0.0,0.0,0.0,0.0,0.0,0.0,0.0,0.0,0.0,0.0,0.0,0.0,0.0,0.0,0.0,0.0,0.0,0.0,0.0,0.0,0.0,0.0,0.0,0.0,0.0,0.0,0.0,0.0,0.0,0.0,0.0,0.0,0.0,0.0,0.0,0.0,0.0,0.0,0.0,0.0,0.0,0.0,0.0,0.0
106,Ni,ch2ch2,4.65592,-0.17346,2.32863,2,0,1,4,0,0,5.770831216435507,0.0,0.0,3.8723165296845568,3.8593397891278474,3.482653647593123,3.407665983453186,0.11858143030126116,0.11842969275974526,0.1181357955427476,0.11744605320529937,0.0,0.0,0.0,0.0,0.0,0.0,0.0,0.0,0.0,0.0,0.0,0.0,0.0,0.0,0.0,0.0,1.0428286248424516,0.6158134840885542,0.5962179193784778,0.5919783187285986,0.08129171299059318,0.07984159853344537,0.06178538758021646,0.060551640638538275,0.058786512366716226,0.056715133849584626,0.05648834826299985,0.05000065921588808,0.04949279635294298,0.014585539818938072,0.013361698206794895,0.013281809791437657,0.007797302329114194,0.005954631446652078,0.005799263168499345,0.0032276793266508013,0.003063534624554581,0.0022154859291117525,0.0,0.0,0.0,0.0,0.0,0.0,0.0,0.0,0.0,0.0,0.0,0.0,0.0,0.0,0.0,0.0,0.0,0.0,0.0,0.0,0.0,0.0,0.0,0.0,0.0,0.0,0.0,0.0,0.0,0.0,0.0,0.0,0.0,0.0,0.0,0.0,0.0,0.0,0.0,0.0,0.0,0.0,0.0,0.0,0.0,0.0,0.0,0.0,0.0,0.0,0.0,0.0,0.0,0.0,0.0,0.0,0.0,0.0,0.0,0.0,0.0,0.0,0.0,0.0,0.0,0.0,0.0,0.0,0.0,0.0,0.0,0.0,0.0,0.0,0.0,0.0,0.0,0.0,0.0,0.0,0.0,0.0,0.0,0.0,0.0,0.0,0.0,0.0,0.0,0.0,0.0,0.0,0.0,0.0,0.0,0.0,0.0,0.0,0.0,0.0,0.0,0.0,0.0,0.0,0.0,0.0,0.0,0.0,0.0,0.0,0.0
107,Ni,ch2chco,4.65592,-0.17346,2.32863,3,1,2,3,1,0,5.725252913175575,5.651678636354737,0.33516827910262803,3.843130453738283,3.8236480873564602,3.7713527669604896,0.1267729170936795,0.1222260186757183,0.1180904353871631,0.11368626265685247,0.03271814808491967,0.008719896267893455,0.0,0.0,0.0,0.0,0.0,0.0,0.0,0.0,0.0,13.751862735357692,0.5357041969141213,0.04686354238319527,0.0,0.0,0.0,1.2008319542882986,0.987026558344016,0.8374834081436057,0.7111652502750698,0.4960851703712423,0.2640227404445073,0.15530434998088088,0.1151721079278539,0.10351086833501433,0.08313087771119301,0.07775375144102281,0.07414940341994627,0.05707614836691915,0.05586558341395503,0.04236694230624628,0.04054792477305018,0.03692583278426115,0.024196699996185872,0.019895905265985826,0.015389320153390153,0.011757654863677773,0.011469765722134196,0.007317382528263673,0.007189940655433601,0.007087016286229354,0.0048687361788051645,0.004861327485517038,0.0045830765152877215,0.0043946734572835496,0.003451410355872771,0.0033009192151145297,0.0019361161737349586,0.0016158677826593089,0.0013558396059228615,0.00012560718216276384,0.0,0.0,0.0,0.0,0.0,0.0,0.0,0.0,0.0,0.0,0.0,0.0,0.0,0.0,0.0,0.0,0.0,0.0,0.0,0.0,0.0,0.0,0.0,0.0,0.0,0.0,0.0,0.0,0.0,0.0,0.0,0.0,0.0,0.0,0.0,0.0,0.0,0.04879820832127851,0.004996218135024962,0.0,0.0,0.0,0.0,0.0,0.0,0.0,0.0,0.0,0.0,0.0,1.3618466247668766,0.22747220787988665,0.1879230752376762,0.07955919801046582,0.012544799163862329,0.0052242482833076975,0.00479941721875126,0.0035845735084678405,0.0,0.0,0.0,0.0,0.0,0.0,0.0,0.0,0.0,0.0,0.0,0.0,0.0,0.0,0.0,0.0,0.0,0.0,0.0,0.0,0.0,0.0,0.0,0.0,0.0,0.0,0.0,0.0,0.0,0.0,0.0,0.0,0.0,0.0,0.0,0.0,0.0,0.0,0.0,0.0
108,Ni,ch2chcooh,4.65592,-0.17346,2.32863,2,0,2,3,2,1,5.699232730182128,5.30036872169526,0.3375138956454831,3.916618949817003,3.5079096030981565,3.3164530797645124,0.24778216190235824,0.12772485559601165,0.12406998669842152,0.11785193467927935,0.1116721521867946,0.041021026561564464,0.015263705470192172,0.010181804024641458,0.0005058415078227035,0.0,0.0,0.0,0.0,0.0,0.0,14.848128499222893,10.629950501957913,0.6289616346877873,0.5590974256474022,0.1817206099472458,0.04720317456661045,0.967285561855036,0.6702946139392153,0.6650062758894975,0.17270364993765136,0.1716098094002408,0.10169261536090604,0.07775176184373178,0.07361977050304612,0.06182862554466794,0.05759478662506765,0.05727722905579386,0.029620934083612417,0.01779342700346839,0.017397638293519244,0.01648263482494266,0.016129107541935583,0.015639300810572278,0.00880505355986673,0.007033634587111967,0.006634391086813921,0.004129328513293097,0.002798056372099456,0.0024312690572966806,0.0008150254771043426,0.0,0.0,0.0,0.0,0.0,0.0,0.0,0.0,0.0,0.0,0.0,0.0,0.0,0.0,0.0,0.0,0.0,0.0,0.0,0.0,0.0,0.0,0.0,0.0,0.0,0.0,0.0,0.0,0.0,0.0,0.0,0.0,0.0,0.0,0.0,0.0,0.0,0.0,0.0,0.0,0.0,0.0,0.0,0.0,0.0,0.0,0.0,0.0,8.834903266999786,0.13205676916965753,0.07832980185056912,0.05079945841998472,0.015314574537295155,0.004796806220914142,0.0035512847062170883,0.0008837321993581498,0.0,0.0,0.0,0.0,1.0687119404943417,1.198533916571332,0.11031062653032388,0.10791953072255778,0.10409750731506254,0.07587626186436425,0.07204624956180553,0.06234265500736722,0.051234555733868085,0.028247428035383194,0.02263112832823384,0.0066306013738085074,0.005987395710342729,0.0038795991023715982,0.003225111996504288,0.002396296623725383,0.0,0.0,0.0,0.0,0.0,0.0,0.0,0.0,0.0,0.0,0.0,0.0,0.0,0.0,0.0,0.0,0.0,0.0,0.0,0.0,0.0,0.0,0.0,0.0,0.0,0.0,0.0,0.0,0.0,0.0,0.0,0.0,0.0
109,Ni,ch3c,4.65592,-0.17346,2.32863,1,0,1,3,0,0,4.90225701202472,0.0,0.0,3.7071846900603216,3.706840821488965,3.696977906802832,0.13055733049579313,0.1292542756345652,0.12861906466498976,0.0,0.0,0.0,0.0,0.0,0.0,0.0,0.0,0.0,0.0,0.0,0.0,0.0,0.0,0.0,0.0,0.0,0.0,1.4351351938056502,1.4268503029551327,1.415189590387524,0.11330522010142215,0.1064176012015632,0.10507198950944392,0.0829369665304977,0.0825954082913162,0.07917788502753106,0.037386993594152616,0.03700948165900704,0.036277523550744976,0.014801549804510185,0.014255352530196129,0.014192646455911046,0.013992087911927548,0.01362494517451622,0.011335310543898363,0.0033510095013946466,0.003000114984686747,0.0028652402784293818,0.0,0.0,0.0,0.0,0.0,0.0,0.0,0.0,0.0,0.0,0.0,0.0,0.0,0.0,0.0,0.0,0.0,0.0,0.0,0.0,0.0,0.0,0.0,0.0,0.0,0.0,0.0,0.0,0.0,0.0,0.0,0.0,0.0,0.0,0.0,0.0,0.0,0.0,0.0,0.0,0.0,0.0,0.0,0.0,0.0,0.0,0.0,0.0,0.0,0.0,0.0,0.0,0.0,0.0,0.0,0.0,0.0,0.0,0.0,0.0,0.0,0.0,0.0,0.0,0.0,0.0,0.0,0.0,0.0,0.0,0.0,0.0,0.0,0.0,0.0,0.0,0.0,0.0,0.0,0.0,0.0,0.0,0.0,0.0,0.0,0.0,0.0,0.0,0.0,0.0,0.0,0.0,0.0,0.0,0.0,0.0,0.0,0.0,0.0,0.0,0.0,0.0,0.0,0.0,0.0,0.0,0.0,0.0,0.0,0.0,0.0,0.0
110,Ni,ch3cco,4.65592,-0.17346,2.32863,2,0,2,3,1,0,6.3473423601753804,4.47567566988503,0.3235461186325204,3.7765412615682483,3.722382875067129,3.713833928128026,0.12770247636956658,0.1265965836474475,0.116228239874162,0.03154859540781582,0.028828927082972626,0.00877963100189057,0.0,0.0,0.0,0.0,0.0,0.0,0.0,0.0,0.0,14.940016740769677,0.4327732297485072,0.11341074957075245,0.0,0.0,0.0,1.029315803379458,0.9870279688358112,0.9368309701075649,0.9119275324252468,0.8651125390885851,0.8030266867102315,0.15345666368400734,0.09240803035049716,0.0719159506373708,0.06926365795871127,0.06677129848307678,0.06531974708665164,0.06520205955003078,0.057933557796708834,0.05211787437384555,0.0414077391853668,0.02712829064387821,0.027066745808624136,0.02659179942482548,0.0214071508149096,0.016192610362635876,0.012232090140102613,0.011896613247976357,0.011843932359864057,0.011531789170153444,0.011461908945029714,0.009258335392703229,0.009225862190611377,0.007933221467225804,0.006881902434832943,0.005478846047633454,0.005093731026674753,0.004692503861603161,0.004582232987878479,0.0045545900537147035,0.004163442712046103,0.0037731133068068658,0.0006544598418831393,0.0004346710843848717,0.00010525673705810008,0.0,0.0,0.0,0.0,0.0,0.0,0.0,0.0,0.0,0.0,0.0,0.0,0.0,0.0,0.0,0.0,0.0,0.0,0.0,0.0,0.0,0.0,0.0,0.0,0.0,0.0,0.0,0.0,0.0,0.0,0.0,0.0,0.019913807281971684,0.017017669756819044,0.0012535645094069554,0.0,0.0,0.0,0.0,0.0,0.0,0.0,0.0,0.0,0.0,1.004379008109232,0.15316316361319754,0.1481705842906461,0.0750649108761379,0.07302355360299997,0.004504217392114197,0.004245271197089725,0.003989903560134317,0.0,0.0,0.0,0.0,0.0,0.0,0.0,0.0,0.0,0.0,0.0,0.0,0.0,0.0,0.0,0.0,0.0,0.0,0.0,0.0,0.0,0.0,0.0,0.0,0.0,0.0,0.0,0.0,0.0,0.0,0.0,0.0,0.0,0.0,0.0,0.0,0.0,0.0,0.0,0.0
111,Ni,ch3ccoo,4.65592,-0.17346,2.32863,1,1,2,3,2,0,4.607735067732789,4.4630689113369195,0.372628857390364,3.702462874693135,3.6818318679929374,3.6644983193535374,0.12690281616874502,0.1235003463942263,0.11273388506600872,0.04117222640587735,0.036238212656311886,0.008907634736748472,0.0,0.0,0.0,0.0,0.0,0.0,0.0,0.0,0.0,17.898329534807495,9.200397159869944,0.5573676957261589,0.5118732719497605,0.286539908561214,0.03888494033636655,1.1772108578539884,0.9527204440781192,0.2882704287646243,0.26604139726322057,0.17541056721159112,0.1739934284408925,0.1337615158688065,0.09736566663516252,0.07170243644263988,0.056735929470527566,0.03053563031126888,0.029883591267640792,0.02403971654922874,0.0232408091357193,0.022526112742813516,0.01523416285050749,0.014993155277691112,0.014418392877896044,0.01135052241680425,0.010684621656672172,0.008426834199661063,0.007145493126346419,0.0061721801279623545,0.0032853028300499285,0.0014053662999503368,0.001252317509185731,0.00015835394455761612,0.0,0.0,0.0,0.0,0.0,0.0,0.0,0.0,0.0,0.0,0.0,0.0,0.0,0.0,0.0,0.0,0.0,0.0,0.0,0.0,0.0,0.0,0.0,0.0,0.0,0.0,0.0,0.0,0.0,0.0,0.0,0.0,0.0,0.0,0.0,0.0,0.0,0.0,0.0,0.0,0.0,0.0,0.0,0.0,0.0,0.06265048637674821,0.04976260427859211,0.005322335682084184,0.0035782739730457103,0.003122810249041339,0.0,0.0,0.0,0.0,0.0,0.0,0.0,1.0575705625760117,1.4701844016318577,1.3512442787295476,0.5908860727695511,0.16882634195350188,0.06702527139459588,0.043735729939716604,0.04050433386265414,0.03797393982715875,0.02844241299543487,0.027851167984408502,0.02686956579149042,0.02642284385228974,0.016708006655810903,0.008044351388617754,0.004127337652565701,0.003381232545826705,0.0017654901359952476,0.0,0.0,0.0,0.0,0.0,0.0,0.0,0.0,0.0,0.0,0.0,0.0,0.0,0.0,0.0,0.0,0.0,0.0,0.0,0.0,0.0,0.0,0.0,0.0,0.0,0.0,0.0,0.0,0.0,0.0,0.0
112,Ni,ch3ccooh,4.65592,-0.17346,2.32863,1,1,2,3,2,1,5.6472364803559545,4.3957734724260655,0.3662462103454628,3.6996263632498696,3.6886706560276847,3.351735695561493,0.24845232540828716,0.1194810763380168,0.11804902370744373,0.1030968460029982,0.03350319397177486,0.033104123691095444,0.014692681640771631,0.008551284906514932,0.006084017340232065,0.0,0.0,0.0,0.0,0.0,0.0,14.293794836699414,10.473953825636702,0.5886172873398644,0.5368194560678096,0.3292310558915044,0.04271944368842478,1.0420905515372323,1.0388141795557042,0.28311560141457043,0.2681884298114193,0.20428320327085564,0.17149366992580153,0.15574656927577385,0.12811594610723276,0.10371455612551553,0.100898397848061,0.03807035059710515,0.03667770534540777,0.03613265922818792,0.03201802448820438,0.030212725531032207,0.02948200467464735,0.02369917616706401,0.02022961640571875,0.01921069043161324,0.015517370326941296,0.014574190378841329,0.014208551889967572,0.009873806339953635,0.007317070061522886,0.007202490037520628,0.0014617474588917675,0.0010492621564341248,0.0008221660523041636,0.0,0.0,0.0,0.0,0.0,0.0,0.0,0.0,0.0,0.0,0.0,0.0,0.0,0.0,0.0,0.0,0.0,0.0,0.0,0.0,0.0,0.0,0.0,0.0,0.0,0.0,0.0,0.0,0.0,0.0,0.0,0.0,0.0,0.0,0.0,0.0,0.0,0.0,0.0,0.0,0.0,0.0,0.0,0.0,8.804633208440027,0.1483291137200983,0.06088822947229429,0.056995389513401815,0.005891111232731556,0.0035386843952710492,0.0034718233284976407,0.0,0.0,0.0,0.0,0.0,1.117942107213482,1.4575450346498864,0.11666923943337892,0.11230681103293323,0.10154510439010828,0.08840300931270154,0.023200996947820088,0.01888720535683372,0.017840820232655014,0.00770647141019628,0.006929440298784772,0.006600864148466123,0.0,0.0,0.0,0.0,0.0,0.0,0.0,0.0,0.0,0.0,0.0,0.0,0.0,0.0,0.0,0.0,0.0,0.0,0.0,0.0,0.0,0.0,0.0,0.0,0.0,0.0,0.0,0.0,0.0,0.0,0.0,0.0,0.0,0.0,0.0,0.0,0.0
113,Ni,ch3ch,4.65592,-0.17346,2.32863,1,0,1,4,0,0,4.458330532937707,0.0,0.0,3.7780970233018367,3.680182341188944,3.675798892090973,2.5058341743700447,0.14591232429955892,0.12375622105335245,0.12285979544289158,0.11834535857102199,0.0,0.0,0.0,0.0,0.0,0.0,0.0,0.0,0.0,0.0,0.0,0.0,0.0,0.0,0.0,0.0,1.1930531758732348,1.1891125276082286,0.9744470619951212,0.12614697944728134,0.12182706203307304,0.07732520118085767,0.07088039625412612,0.048352193831176365,0.03712346066720895,0.02976397059042271,0.028782170784519407,0.02872924168425913,0.013431994301584428,0.012958622479082159,0.012591456203301104,0.012392275379091369,0.010144776422370994,0.004372950628729916,0.004034161683997765,0.0035978850695214844,0.001236263816259322,0.001185481127554091,0.0011257684698753184,0.0,0.0,0.0,0.0,0.0,0.0,0.0,0.0,0.0,0.0,0.0,0.0,0.0,0.0,0.0,0.0,0.0,0.0,0.0,0.0,0.0,0.0,0.0,0.0,0.0,0.0,0.0,0.0,0.0,0.0,0.0,0.0,0.0,0.0,0.0,0.0,0.0,0.0,0.0,0.0,0.0,0.0,0.0,0.0,0.0,0.0,0.0,0.0,0.0,0.0,0.0,0.0,0.0,0.0,0.0,0.0,0.0,0.0,0.0,0.0,0.0,0.0,0.0,0.0,0.0,0.0,0.0,0.0,0.0,0.0,0.0,0.0,0.0,0.0,0.0,0.0,0.0,0.0,0.0,0.0,0.0,0.0,0.0,0.0,0.0,0.0,0.0,0.0,0.0,0.0,0.0,0.0,0.0,0.0,0.0,0.0,0.0,0.0,0.0,0.0,0.0,0.0,0.0,0.0,0.0,0.0,0.0,0.0,0.0,0.0
114,Ni,ch3ch2,4.65592,-0.17346,2.32863,1,0,1,5,0,0,4.1288423258843165,0.0,0.0,3.777078929810352,3.7564846243222223,3.6658352630545448,3.1535639995158977,3.1362715735300077,0.1255318093506473,0.1248328846197646,0.11943487401242756,0.11406319162391546,0.11289366883397504,0.0,0.0,0.0,0.0,0.0,0.0,0.0,0.0,0.0,0.0,0.0,0.0,0.0,0.0,0.7821165687520851,0.6535498169177857,0.623013601878778,0.2037813450156337,0.0613622186463454,0.05800356489091641,0.04444729078342243,0.042071140504826215,0.026270304999117252,0.02323094763993944,0.01792588170854636,0.017527857245607452,0.016816410524378947,0.016679065772559648,0.016126575924835303,0.01021255979974536,0.009750358854951327,0.008955527474896984,0.007971175736634195,0.00706119065202694,0.0,0.0,0.0,0.0,0.0,0.0,0.0,0.0,0.0,0.0,0.0,0.0,0.0,0.0,0.0,0.0,0.0,0.0,0.0,0.0,0.0,0.0,0.0,0.0,0.0,0.0,0.0,0.0,0.0,0.0,0.0,0.0,0.0,0.0,0.0,0.0,0.0,0.0,0.0,0.0,0.0,0.0,0.0,0.0,0.0,0.0,0.0,0.0,0.0,0.0,0.0,0.0,0.0,0.0,0.0,0.0,0.0,0.0,0.0,0.0,0.0,0.0,0.0,0.0,0.0,0.0,0.0,0.0,0.0,0.0,0.0,0.0,0.0,0.0,0.0,0.0,0.0,0.0,0.0,0.0,0.0,0.0,0.0,0.0,0.0,0.0,0.0,0.0,0.0,0.0,0.0,0.0,0.0,0.0,0.0,0.0,0.0,0.0,0.0,0.0,0.0,0.0,0.0,0.0,0.0,0.0,0.0,0.0,0.0,0.0,0.0,0.0,0.0
115,Ni,ch3ch2co,4.65592,-0.17346,2.32863,1,1,2,5,1,0,4.520569076372482,4.315291458007509,0.29668520998543024,3.755063579008792,3.752046600157287,3.7287977022165335,3.646439442456587,3.6440424312598343,0.14332542978391974,0.14239945643417976,0.12564996841093498,0.11837130863721715,0.1182557505357132,0.11416221674182934,0.1140962326911715,0.027749662942572226,0.02760160856089157,0.008137724238780656,0.0,0.0,0.0,15.299027692668435,0.5541804953870824,0.2281883102628381,0.0,0.0,0.0,1.4623397269266252,0.25964238718904903,0.12987840247673552,0.12665778549485832,0.11621138343327313,0.055729176676426684,0.05244144337325644,0.02461124476044557,0.02100438513121415,0.014424644263263063,0.011798135128891643,0.010669956867445351,0.009327012764745894,0.008560927953176586,0.005243919937096282,0.004588790371587402,0.004198165830818501,0.0038272769498609686,0.0,0.0,0.0,0.0,0.0,0.0,0.0,0.0,0.0,0.0,0.0,0.0,0.0,0.0,0.0,0.0,0.0,0.0,0.0,0.0,0.0,0.0,0.0,0.0,0.0,0.0,0.0,0.0,0.0,0.0,0.0,0.0,0.0,0.0,0.0,0.0,0.0,0.0,0.0,0.0,0.0,0.0,0.0,0.0,0.0,0.0,0.0,0.0,0.0,0.0,0.0,0.0,0.0,0.0,0.038743468718280216,0.03814755526272996,0.02323555268769324,0.022960500797729416,0.004173756174652703,0.0,0.0,0.0,0.0,0.0,0.0,0.0,0.0,1.1811603026116906,0.2887404383605836,0.1318357766429284,0.12863608702609894,0.04998288572366896,0.04935414485240385,0.031019393759442206,0.010939719078724671,0.006615840461541657,0.0064836145149174615,0.004329899476767539,0.0,0.0,0.0,0.0,0.0,0.0,0.0,0.0,0.0,0.0,0.0,0.0,0.0,0.0,0.0,0.0,0.0,0.0,0.0,0.0,0.0,0.0,0.0,0.0,0.0,0.0,0.0,0.0,0.0,0.0,0.0,0.0,0.0,0.0,0.0,0.0,0.0
116,Ni,ch3ch2coo,4.65592,-0.17346,2.32863,0,2,2,5,2,0,4.487789768135292,4.344161072952219,0.3041184343034829,3.7744837929064903,3.771206480125616,3.7502272709554143,3.697046530312139,3.6868654331973887,0.1399563992680875,0.1387445631689423,0.12287971937602538,0.11942065736109793,0.1191423100333053,0.11803868308342118,0.1173226376014936,0.02940441197087149,0.028262784617613262,0.008146414886336991,0.0,0.0,0.0,14.089470681390667,13.926438961659384,0.5983250679993848,0.5739579955469866,0.26121842027487197,0.040992666936424685,0.15817102261614513,0.15804511209272165,0.04572008607319871,0.04543089125784956,0.006188519583899856,0.0058192297989383785,0.005452457757906728,0.005436236112108604,0.005397849484359986,0.005389767543070717,0.0,0.0,0.0,0.0,0.0,0.0,0.0,0.0,0.0,0.0,0.0,0.0,0.0,0.0,0.0,0.0,0.0,0.0,0.0,0.0,0.0,0.0,0.0,0.0,0.0,0.0,0.0,0.0,0.0,0.0,0.0,0.0,0.0,0.0,0.0,0.0,0.0,0.0,0.0,0.0,0.0,0.0,0.0,0.0,0.0,0.0,0.0,0.0,0.0,0.0,0.0,0.0,0.0,0.0,0.0,0.0,0.0,0.0,0.0,0.0,0.0,0.0,0.06247676051535106,0.05890195075349947,0.048825642559862825,0.04274666645477579,0.02409944314197202,0.02259146991736132,0.004896360457075101,0.0030639965951092234,0.003023180080568521,0.0,0.0,0.0,1.0341234389202352,1.5068583045446236,1.503804330771833,0.12940337686476658,0.12872163911495546,0.09647522367249507,0.09608106320179127,0.09481646434983462,0.09410757233281394,0.08459951429778698,0.08418103395278151,0.08336350674859233,0.08282656854877818,0.07886114290016122,0.007270262766579494,0.007195057167510466,0.005665196846738642,0.005653067477782509,0.004838671735216665,0.004783618139267483,0.0,0.0,0.0,0.0,0.0,0.0,0.0,0.0,0.0,0.0,0.0,0.0,0.0,0.0,0.0,0.0,0.0,0.0,0.0,0.0,0.0,0.0,0.0,0.0,0.0,0.0,0.0,0.0,0.0
117,Ni,ch3ch2cooh,4.65592,-0.17346,2.32863,0,0,2,5,2,1,4.856152608457046,4.3673590700304254,0.2967563330686405,3.784665195458093,3.776606329663197,3.7536173957743406,3.5773224999015687,3.5688788246127223,0.2462466163573196,0.14875722951099624,0.14873037304906267,0.12852758352199484,0.11835658457159418,0.11765505739772802,0.11566040222598913,0.11557536154342453,0.026825192322674288,0.026680247744499543,0.013944276214162629,0.00836476834818856,0.004841539272532408,16.290708374089068,10.822185001028373,0.5813852038469193,0.5407060350256615,0.2679896892074575,0.03865918229600223,0.09693625993538138,0.07209377019844271,0.03437651424222391,0.023391997620368168,0.02199959047405731,0.017500749013289508,0.013264215871049194,0.011424119314724757,0.010540859852118372,0.005929501569111862,0.003965275513833046,0.0035589126162548952,0.0034519511404753,0.0,0.0,0.0,0.0,0.0,0.0,0.0,0.0,0.0,0.0,0.0,0.0,0.0,0.0,0.0,0.0,0.0,0.0,0.0,0.0,0.0,0.0,0.0,0.0,0.0,0.0,0.0,0.0,0.0,0.0,0.0,0.0,0.0,0.0,0.0,0.0,0.0,0.0,0.0,0.0,0.0,0.0,0.0,0.0,0.0,0.0,0.0,0.0,0.0,0.0,0.0,0.0,0.0,0.0,0.0,0.0,0.0,0.0,0.0,8.74634293140937,0.13228609646514575,0.05458468351855876,0.0514839634973058,0.04763500977822119,0.04345387250279628,0.023552898823243344,0.022152717659519986,0.005088900547031552,0.0028967830500219536,0.0027343572809040307,0.0,1.1091452713721657,1.130990057054467,0.08679381942382128,0.0852917741929497,0.0644006558114579,0.0638374494058234,0.055342914771314304,0.006854101719098421,0.002919817180310619,0.0014446799635801054,0.0,0.0,0.0,0.0,0.0,0.0,0.0,0.0,0.0,0.0,0.0,0.0,0.0,0.0,0.0,0.0,0.0,0.0,0.0,0.0,0.0,0.0,0.0,0.0,0.0,0.0,0.0,0.0,0.0,0.0,0.0,0.0,0.0,0.0,0.0,0.0,0.0,0.0,0.0
118,Ni,ch3ch3,4.65592,-0.17346,2.32863,0,0,1,6,0,0,4.389666680168034,0.0,0.0,3.740170979645899,3.7388190982760703,3.7351420769069024,3.720159222346439,3.7144200769616496,3.6581889167701775,0.1188532459545169,0.11849498898689975,0.11844489101729065,0.11823071690133463,0.11819654506560315,0.11735262523015218,0.0,0.0,0.0,0.0,0.0,0.0,0.0,0.0,0.0,0.0,0.0,0.0,0.024114493709328527,0.020520430965743124,0.018996019683485032,0.007842303347903812,0.00509504651767061,0.004755585155874598,0.0,0.0,0.0,0.0,0.0,0.0,0.0,0.0,0.0,0.0,0.0,0.0,0.0,0.0,0.0,0.0,0.0,0.0,0.0,0.0,0.0,0.0,0.0,0.0,0.0,0.0,0.0,0.0,0.0,0.0,0.0,0.0,0.0,0.0,0.0,0.0,0.0,0.0,0.0,0.0,0.0,0.0,0.0,0.0,0.0,0.0,0.0,0.0,0.0,0.0,0.0,0.0,0.0,0.0,0.0,0.0,0.0,0.0,0.0,0.0,0.0,0.0,0.0,0.0,0.0,0.0,0.0,0.0,0.0,0.0,0.0,0.0,0.0,0.0,0.0,0.0,0.0,0.0,0.0,0.0,0.0,0.0,0.0,0.0,0.0,0.0,0.0,0.0,0.0,0.0,0.0,0.0,0.0,0.0,0.0,0.0,0.0,0.0,0.0,0.0,0.0,0.0,0.0,0.0,0.0,0.0,0.0,0.0,0.0,0.0,0.0,0.0,0.0,0.0,0.0,0.0,0.0,0.0,0.0,0.0,0.0,0.0,0.0,0.0,0.0,0.0,0.0
119,Ni,ch3chco,4.65592,-0.17346,2.32863,2,0,2,4,1,0,6.069280886874847,4.6237493124568045,0.31552773350791913,3.788985540154242,3.7730132867297512,3.7062429321663863,3.6514663998527874,0.13114797574226006,0.12971204228406974,0.12405644919848792,0.12237263184798346,0.11082456606654273,0.03222804005866518,0.02480022870815555,0.00894639592179733,0.0,0.0,0.0,0.0,0.0,0.0,13.19207590100144,0.5602860368741089,0.19062025844996128,0.0,0.0,0.0,1.2048039860510122,0.8751666032215214,0.6972299987747739,0.4676691819316535,0.17529042236555553,0.14221040406440807,0.09739353312884008,0.07524792377347264,0.07346264396818969,0.05868565959809535,0.04002504611320018,0.03786827758539738,0.02053052697189999,0.01575773355951409,0.015364917470708747,0.01326674947346608,0.009266227140197906,0.008458565032846088,0.007595620937048242,0.005285654416293976,0.005099719371453485,0.004715082444365575,0.004256375279170114,0.002534068353364564,0.0019574130753690047,0.001844446185676252,0.0010231027167850112,0.0,0.0,0.0,0.0,0.0,0.0,0.0,0.0,0.0,0.0,0.0,0.0,0.0,0.0,0.0,0.0,0.0,0.0,0.0,0.0,0.0,0.0,0.0,0.0,0.0,0.0,0.0,0.0,0.0,0.0,0.0,0.0,0.0,0.0,0.0,0.0,0.0,0.0,0.0,0.0,0.0,0.0,0.0,0.0,0.0,0.043173379891266725,0.02253807395135093,0.016110393164364616,0.003458161016053939,0.0,0.0,0.0,0.0,0.0,0.0,0.0,0.0,0.0,1.4574235468461876,0.2435616596381358,0.193909086913627,0.11597070125455534,0.014935973226090688,0.006594613719903947,0.004233120803499736,0.0037866581619877306,0.002300217486783728,0.0,0.0,0.0,0.0,0.0,0.0,0.0,0.0,0.0,0.0,0.0,0.0,0.0,0.0,0.0,0.0,0.0,0.0,0.0,0.0,0.0,0.0,0.0,0.0,0.0,0.0,0.0,0.0,0.0,0.0,0.0,0.0,0.0,0.0,0.0,0.0,0.0,0.0,0.0
120,Ni,ch3chcoo,4.65592,-0.17346,2.32863,1,2,2,4,2,0,5.2694607335577315,4.603893875551892,0.3055025793074843,3.8052415164689517,3.745281467236501,3.739139778047262,3.63472611994878,0.13170540309757553,0.12832033549335642,0.12234443351915708,0.11955824492009542,0.11429480830743978,0.03250781902078659,0.02338880168256577,0.008472824186498189,0.0,0.0,0.0,0.0,0.0,0.0,12.433634244920578,12.233781165710766,0.5812478070668075,0.5651539453524069,0.1987559250940249,0.04267993101238257,0.8663283981135488,0.40943316347287,0.31601269603469895,0.3124390791184949,0.0993129786740207,0.062457999736016775,0.06123914267816034,0.05657804369079294,0.056541493164639474,0.05632296112813925,0.0554258169139256,0.05376654228654378,0.03877485572843357,0.0380082268353352,0.03538745596522199,0.011043644859692087,0.007092850947595764,0.005294653167818384,0.005199049990169999,0.004783826430131522,0.004311018114328172,0.002693041713536279,0.0025479261649269877,0.0012466586899897332,0.0009801296087115325,0.0009634262778288745,0.0,0.0,0.0,0.0,0.0,0.0,0.0,0.0,0.0,0.0,0.0,0.0,0.0,0.0,0.0,0.0,0.0,0.0,0.0,0.0,0.0,0.0,0.0,0.0,0.0,0.0,0.0,0.0,0.0,0.0,0.0,0.0,0.0,0.0,0.0,0.0,0.0,0.0,0.0,0.0,0.0,0.0,0.0,0.0,0.0,0.0,0.07266719801355741,0.05788771912653565,0.016715622516651353,0.015737628612832708,0.004096066103742401,0.004000145105064579,0.0027814673904765033,0.0,0.0,0.0,0.0,0.0,1.0006817395096752,1.6170530200643551,1.5467689748416125,0.15529421937159724,0.14971944418107258,0.1234788756002673,0.12186807262887453,0.10880777325209627,0.09906688882054113,0.09201432532174483,0.0916928673444248,0.07996497227651753,0.07821220698314765,0.01070292704065963,0.009471323224482409,0.009421552942026214,0.00871435920090674,0.006450904525422074,0.005516567522343009,0.0,0.0,0.0,0.0,0.0,0.0,0.0,0.0,0.0,0.0,0.0,0.0,0.0,0.0,0.0,0.0,0.0,0.0,0.0,0.0,0.0,0.0,0.0,0.0,0.0,0.0,0.0,0.0,0.0,0.0
121,Ni,ch3chcooh,4.65592,-0.17346,2.32863,1,0,2,4,2,1,5.534095251786256,4.458908939417442,0.32685338199350283,3.746743405516668,3.7249510979138334,3.656867420513496,3.6345888949812752,0.24668989922292756,0.15412814846017242,0.12283738421526512,0.11922095511312393,0.1191957204424626,0.1144048414542406,0.02975130920750373,0.02879428266400488,0.01465937653569196,0.008848606610531832,0.005161398602988935,0.0,0.0,0.0,14.518152402829365,10.705151596583619,0.5987938313823179,0.5437605376567884,0.2824109549313029,0.039625263666188855,0.905343015985098,0.17101093795244582,0.17006308363033595,0.1029083031911372,0.0875085164031561,0.073474346604537,0.06532723252683342,0.05640365543747255,0.049061779889436836,0.048712188670739134,0.040165370371075634,0.013211246477026277,0.003978482268802191,0.003222311636322889,0.0018340674062091516,0.0014343257642171793,0.0005905276601023447,0.0,0.0,0.0,0.0,0.0,0.0,0.0,0.0,0.0,0.0,0.0,0.0,0.0,0.0,0.0,0.0,0.0,0.0,0.0,0.0,0.0,0.0,0.0,0.0,0.0,0.0,0.0,0.0,0.0,0.0,0.0,0.0,0.0,0.0,0.0,0.0,0.0,0.0,0.0,0.0,0.0,0.0,0.0,0.0,0.0,0.0,0.0,0.0,0.0,0.0,0.0,0.0,0.0,0.0,0.0,8.781122088354412,0.138493224262257,0.05501414963971642,0.04906934179242187,0.04857715801178572,0.0216012198807248,0.005324488846660293,0.0031771504401301802,0.0027469409971693282,0.0,0.0,0.0,1.0987521675038088,1.3134035392688177,0.11627663154145755,0.1108011474306788,0.03796562167029013,0.024952349535338026,0.021795872810682997,0.006153020875455342,0.0017105288614575956,0.0016523687365623124,0.0,0.0,0.0,0.0,0.0,0.0,0.0,0.0,0.0,0.0,0.0,0.0,0.0,0.0,0.0,0.0,0.0,0.0,0.0,0.0,0.0,0.0,0.0,0.0,0.0,0.0,0.0,0.0,0.0,0.0,0.0,0.0,0.0,0.0,0.0,0.0,0.0,0.0,0.0
122,Ni,chch,4.65592,-0.17346,2.32863,2,0,1,2,0,0,6.712740270899045,0.0,0.0,3.7379925937259535,3.736460148721192,0.11550861694318082,0.11477345040383186,0.0,0.0,0.0,0.0,0.0,0.0,0.0,0.0,0.0,0.0,0.0,0.0,0.0,0.0,0.0,0.0,0.0,0.0,0.0,0.0,1.0879706797038604,1.0850494739025165,0.9415315682648484,0.9353920758456279,0.9305917322286972,0.9252372573574827,0.08940612747915389,0.08821205148682193,0.07151094509599967,0.0698512550642714,0.06960017561431643,0.05057951354336685,0.028703788085901825,0.02869304775752813,0.028628047999109257,0.011457422583568272,0.011153040277118605,0.010730489930860444,0.010678688422107136,0.010647402453349546,0.010583953736944242,0.006905777586117153,0.006866115386504324,0.006476793446317065,0.006408244152401474,0.006202769274294542,0.0061939613751412215,0.000987077316424615,0.000932365351257316,0.0008802989233659304,0.0,0.0,0.0,0.0,0.0,0.0,0.0,0.0,0.0,0.0,0.0,0.0,0.0,0.0,0.0,0.0,0.0,0.0,0.0,0.0,0.0,0.0,0.0,0.0,0.0,0.0,0.0,0.0,0.0,0.0,0.0,0.0,0.0,0.0,0.0,0.0,0.0,0.0,0.0,0.0,0.0,0.0,0.0,0.0,0.0,0.0,0.0,0.0,0.0,0.0,0.0,0.0,0.0,0.0,0.0,0.0,0.0,0.0,0.0,0.0,0.0,0.0,0.0,0.0,0.0,0.0,0.0,0.0,0.0,0.0,0.0,0.0,0.0,0.0,0.0,0.0,0.0,0.0,0.0,0.0,0.0,0.0,0.0,0.0,0.0,0.0,0.0,0.0,0.0,0.0,0.0,0.0,0.0,0.0,0.0,0.0,0.0,0.0,0.0,0.0,0.0,0.0,0.0
123,Ni,chchco,4.65592,-0.17346,2.32863,3,0,2,2,1,0,6.33133769986022,5.502358599813553,0.3536815575799587,3.783927327151305,3.719722466872285,0.13624900857947486,0.1153064623845914,0.11477681295308645,0.00917187209417875,0.0,0.0,0.0,0.0,0.0,0.0,0.0,0.0,0.0,0.0,0.0,0.0,13.603884418533971,0.5010872609623988,0.045748249729747587,0.0,0.0,0.0,1.326987071950809,1.2295347482222647,1.0334495677919322,0.8618063670205337,0.4807338423491669,0.3296703254923085,0.20995092262934387,0.2001693864878361,0.1624688988998835,0.13913247559151007,0.1076304260679566,0.05203569331231996,0.03744879553486873,0.03249941439194176,0.028412345510929755,0.028308042117185094,0.027563376635117563,0.027028225192369748,0.02091616876349818,0.017095206429961297,0.015778556477146568,0.011352539385791937,0.01085928788051185,0.010331890803145451,0.008487886908380388,0.006810356180796832,0.005623958739425755,0.005511304205965436,0.0011744809969452367,0.0010338017434845526,0.0010243826380794995,0.0010174934344286783,0.0,0.0,0.0,0.0,0.0,0.0,0.0,0.0,0.0,0.0,0.0,0.0,0.0,0.0,0.0,0.0,0.0,0.0,0.0,0.0,0.0,0.0,0.0,0.0,0.0,0.0,0.0,0.0,0.0,0.0,0.0,0.0,0.0,0.0,0.0,0.0,0.0,0.0,0.0,0.0,0.043204338228093886,0.0,0.0,0.0,0.0,0.0,0.0,0.0,0.0,0.0,0.0,0.0,0.0,1.1265013833972273,0.3326604258757929,0.2493315807103161,0.09008885505311184,0.02295398350819245,0.015203353993277074,0.005112191730236835,0.0019037287276587843,0.0,0.0,0.0,0.0,0.0,0.0,0.0,0.0,0.0,0.0,0.0,0.0,0.0,0.0,0.0,0.0,0.0,0.0,0.0,0.0,0.0,0.0,0.0,0.0,0.0,0.0,0.0,0.0,0.0,0.0,0.0,0.0,0.0,0.0,0.0,0.0,0.0,0.0,0.0,0.0
124,Ni,chchcooh,4.65592,-0.17346,2.32863,2,0,2,2,2,1,6.091962387444565,5.736157587282887,0.3151009712622225,3.8409857709826847,2.8623231451353357,0.2422020474054181,0.14447945968396145,0.13782182827848355,0.12136674314179274,0.015445786164019756,0.00994513726337387,0.00041004464567262217,0.0,0.0,0.0,0.0,0.0,0.0,0.0,0.0,0.0,15.115816579408445,10.520363103564604,0.6531796015618468,0.5424985751399641,0.14601749696226335,0.047760687597930805,1.3131249245551242,1.0500433735492063,0.5709835659918627,0.16054063174284253,0.11638738125396685,0.11100957272774488,0.0816060967374766,0.07381051034419978,0.044929242872401215,0.041914586899283984,0.03206402826168512,0.030180196940106343,0.029466187921353845,0.025948868510174233,0.02026723629951064,0.015151043857396474,0.010435987634831143,0.009475302472073744,0.008203300195008737,0.007580070982969515,0.0024433962103312637,0.0017560828036187782,0.001686487954437075,0.0008928108792131857,0.0003924472367693409,0.0,0.0,0.0,0.0,0.0,0.0,0.0,0.0,0.0,0.0,0.0,0.0,0.0,0.0,0.0,0.0,0.0,0.0,0.0,0.0,0.0,0.0,0.0,0.0,0.0,0.0,0.0,0.0,0.0,0.0,0.0,0.0,0.0,0.0,0.0,0.0,0.0,0.0,0.0,0.0,0.0,0.0,0.0,0.0,0.0,0.0,0.0,8.877985462447286,0.13292040136762784,0.09198910862829657,0.01583919813801456,0.0023864933089835704,0.0013372786302873838,0.0,0.0,0.0,0.0,0.0,0.0,1.0871100205644322,1.3668287970023263,0.11381990234137597,0.1096521750257516,0.09494561653269523,0.0923705747066594,0.08613321303228587,0.07878432347966012,0.015513675502270704,0.011599011007396492,0.006416799080988352,0.005833011792554675,0.004779725364161828,0.004618850107238233,0.0,0.0,0.0,0.0,0.0,0.0,0.0,0.0,0.0,0.0,0.0,0.0,0.0,0.0,0.0,0.0,0.0,0.0,0.0,0.0,0.0,0.0,0.0,0.0,0.0,0.0,0.0,0.0,0.0,0.0,0.0,0.0,0.0,0.0,0.0
125,Ni,co,4.65592,-0.17346,2.32863,1,0,0,0,1,0,0.0,0.0,0.0,0.0,0.0,0.0,0.0,0.0,0.0,0.0,0.0,0.0,0.0,0.0,0.0,0.0,0.0,0.0,0.0,0.0,0.0,29.665430068158887,0.0,0.0,0.0,0.0,0.0,0.22057242656430628,0.2204866534963021,0.2191742471251026,0.02738954197029704,0.027263619025041257,0.027150560276459196,0.0008448923180911956,0.0008239051023275733,0.0007678479856855387,0.0,0.0,0.0,0.0,0.0,0.0,0.0,0.0,0.0,0.0,0.0,0.0,0.0,0.0,0.0,0.0,0.0,0.0,0.0,0.0,0.0,0.0,0.0,0.0,0.0,0.0,0.0,0.0,0.0,0.0,0.0,0.0,0.0,0.0,0.0,0.0,0.0,0.0,0.0,0.0,0.0,0.0,0.0,0.0,0.0,0.0,0.0,0.0,0.0,0.0,0.0,0.0,0.0,0.0,0.0,0.0,0.0,0.0,0.0,0.0,0.0,0.0,0.0,0.0,0.0,0.0,0.0,0.0,0.0,0.0,0.0,0.0,0.0,0.0,0.0,0.0,1.9851491053758237,1.9815724007454858,1.9807468925268124,0.11352286909045385,0.11302599349392024,0.1127711024038979,0.05357563890625384,0.053341921164526525,0.0533000683239803,0.018678012146978472,0.018628022385209383,0.018560300584977783,0.005050477509116427,0.005013838987088354,0.005001330536530397,0.0,0.0,0.0,0.0,0.0,0.0,0.0,0.0,0.0,0.0,0.0,0.0,0.0,0.0,0.0,0.0,0.0,0.0,0.0,0.0,0.0,0.0,0.0,0.0,0.0,0.0,0.0,0.0,0.0,0.0,0.0,0.0,0.0
126,Ni,co2,4.65592,-0.17346,2.32863,0,0,0,0,2,0,0.0,0.0,0.0,0.0,0.0,0.0,0.0,0.0,0.0,0.0,0.0,0.0,0.0,0.0,0.0,0.0,0.0,0.0,0.0,0.0,0.0,21.762143445954827,20.940186899709875,0.0,0.0,0.0,0.0,0.06584459100641776,0.01156643033354628,0.010933198155575537,0.009256754474330112,0.0069408511639053655,0.0,0.0,0.0,0.0,0.0,0.0,0.0,0.0,0.0,0.0,0.0,0.0,0.0,0.0,0.0,0.0,0.0,0.0,0.0,0.0,0.0,0.0,0.0,0.0,0.0,0.0,0.0,0.0,0.0,0.0,0.0,0.0,0.0,0.0,0.0,0.0,0.0,0.0,0.0,0.0,0.0,0.0,0.0,0.0,0.0,0.0,0.0,0.0,0.0,0.0,0.0,0.0,0.0,0.0,0.0,0.0,0.0,0.0,0.0,0.0,0.0,0.0,0.0,0.0,0.0,0.0,0.0,0.0,0.0,0.0,0.0,0.0,0.0,0.0,0.0,0.0,0.0,0.0,0.0,0.8569960547011003,0.05964038458856859,0.052726122817345976,0.0481105505187567,0.038265781345287284,0.03127009397529238,0.0071868894920740015,0.0037524223007671604,0.0,0.0,0.0,0.0,0.0,0.0,0.0,0.0,0.0,0.0,0.0,0.0,0.0,0.0,0.0,0.0,0.0,0.0,0.0,0.0,0.0,0.0,0.0,0.0,0.0,0.0,0.0,0.0,0.0,0.0,0.0,0.0,0.0,0.0,0.0,0.0,0.0,0.0,0.0,0.0,0.0
127,Ni,cooh,4.65592,-0.17346,2.32863,1,0,0,0,2,1,0.0,0.0,0.0,0.2401674159768384,0.0,0.0,0.0,0.0,0.0,0.0,0.0,0.0,0.0,0.0,0.0,0.0,0.0,0.0,0.0,0.0,0.0,14.585067352906627,11.049283294354217,0.0,0.0,0.0,0.0,1.4363293643352628,0.2667607624681337,0.125290714209112,0.053331740300660964,0.03623174771347129,0.015300325531270809,0.008430164160835696,0.005674589845091456,0.00405344723649979,0.0,0.0,0.0,0.0,0.0,0.0,0.0,0.0,0.0,0.0,0.0,0.0,0.0,0.0,0.0,0.0,0.0,0.0,0.0,0.0,0.0,0.0,0.0,0.0,0.0,0.0,0.0,0.0,0.0,0.0,0.0,0.0,0.0,0.0,0.0,0.0,0.0,0.0,0.0,0.0,0.0,0.0,0.0,0.0,0.0,0.0,0.0,0.0,0.0,0.0,0.0,0.0,0.0,0.0,0.0,0.0,0.0,0.0,0.0,0.0,0.0,0.0,0.0,8.618017549352855,0.1296197627117465,0.0,0.0,0.0,0.0,0.0,0.0,0.0,0.0,0.0,0.0,1.0913028852985576,1.1845847389476143,0.26756481840400553,0.2196758493398367,0.13359543363243187,0.05353324056862257,0.041016225409190935,0.0328065544047442,0.024215926752501237,0.02131400682083847,0.011068892612964808,0.006062875194603832,0.004097343465920781,0.0,0.0,0.0,0.0,0.0,0.0,0.0,0.0,0.0,0.0,0.0,0.0,0.0,0.0,0.0,0.0,0.0,0.0,0.0,0.0,0.0,0.0,0.0,0.0,0.0,0.0,0.0,0.0,0.0,0.0,0.0,0.0,0.0,0.0,0.0,0.0
128,Ni,h2o,4.65592,-0.17346,2.32863,0,0,0,0,0,2,0.0,0.0,0.0,0.0,0.0,0.0,0.0,0.0,0.0,0.0,0.0,0.0,0.0,0.0,0.0,0.0,0.0,0.0,0.0,0.0,0.0,0.0,0.0,0.0,0.0,0.0,0.0,0.0,0.0,0.0,0.0,0.0,0.0,0.0,0.0,0.0,0.0,0.0,0.0,0.0,0.0,0.0,0.0,0.0,0.0,0.0,0.0,0.0,0.0,0.0,0.0,0.0,0.0,0.0,0.0,0.0,0.0,0.0,0.0,0.0,0.0,0.0,0.0,0.0,0.0,0.0,0.0,0.0,0.0,0.0,0.0,0.0,0.0,0.0,0.0,0.0,0.0,0.0,0.0,0.0,0.0,0.0,0.0,0.0,0.0,0.0,0.0,0.0,0.0,0.0,0.0,0.0,0.0,0.0,0.0,0.0,0.0,0.0,0.0,8.8641459915049,8.836724541529504,0.0,0.0,0.0,0.0,0.0,0.0,0.0,0.0,0.0,0.0,0.0,0.8914801948206812,0.08247718259998862,0.0800146934058936,0.07154534698199641,0.06989505953599359,0.062379401739228874,0.0006042689990700539,0.0004439996156790256,0.0,0.0,0.0,0.0,0.0,0.0,0.0,0.0,0.0,0.0,0.0,0.0,0.0,0.0,0.0,0.0,0.0,0.0,0.0,0.0,0.0,0.0,0.0,0.0,0.0,0.0,0.0,0.0,0.0,0.0,0.0,0.0,0.0,0.0,0.0,0.0,0.0,0.0,0.0,0.0
129,Ni,oh,4.65592,-0.17346,2.32863,0,1,0,0,0,1,0.0,0.0,0.0,0.0,0.0,0.0,0.0,0.0,0.0,0.0,0.0,0.0,0.0,0.0,0.0,0.0,0.0,0.0,0.0,0.0,0.0,0.0,0.0,0.0,0.0,0.0,0.0,0.0,0.0,0.0,0.0,0.0,0.0,0.0,0.0,0.0,0.0,0.0,0.0,0.0,0.0,0.0,0.0,0.0,0.0,0.0,0.0,0.0,0.0,0.0,0.0,0.0,0.0,0.0,0.0,0.0,0.0,0.0,0.0,0.0,0.0,0.0,0.0,0.0,0.0,0.0,0.0,0.0,0.0,0.0,0.0,0.0,0.0,0.0,0.0,0.0,0.0,0.0,0.0,0.0,0.0,0.0,0.0,0.0,0.0,0.0,0.0,0.0,0.0,0.0,0.0,0.0,0.0,0.0,0.0,0.0,0.0,0.0,0.0,9.15650202544216,0.0,0.0,0.0,0.0,0.0,0.0,0.0,0.0,0.0,0.0,0.0,0.0,1.4135407274099403,1.4081412101969568,1.4043123689111925,0.10072761987639592,0.09956819806634834,0.04386054031148955,0.043647054891117705,0.04355281595262737,0.016615844441669553,0.016367655087863458,0.016342629720327212,0.0034210733925054897,0.003362747560491774,0.003271738042465087,0.0,0.0,0.0,0.0,0.0,0.0,0.0,0.0,0.0,0.0,0.0,0.0,0.0,0.0,0.0,0.0,0.0,0.0,0.0,0.0,0.0,0.0,0.0,0.0,0.0,0.0,0.0,0.0,0.0,0.0,0.0,0.0,0.0,0.0
130,Re,CH2C,3.47529,-0.5845199999999999,1.6580000000000001,2,0,1,2,0,0,6.598378924421962,0.0,0.0,3.846570357586428,3.845172716252367,0.1206650460724436,0.1206475724824052,0.0,0.0,0.0,0.0,0.0,0.0,0.0,0.0,0.0,0.0,0.0,0.0,0.0,0.0,0.0,0.0,0.0,0.0,0.0,0.0,1.3122825913277676,1.3120113346839002,1.1012000027285944,0.6455330573695311,0.12176237806658485,0.12134096289753465,0.08262696606608001,0.0812880733143035,0.06895439593821663,0.06886351935521802,0.04629800087184985,0.045874494223089986,0.003639554027297733,0.003620248866993661,0.002682013381491464,0.0022155082726555003,0.0022046037286383505,0.0013399565190317546,0.0013234490757457092,7.793745387416062e-05,6.582485994128737e-05,1.9276376954691785e-05,0.0,0.0,0.0,0.0,0.0,0.0,0.0,0.0,0.0,0.0,0.0,0.0,0.0,0.0,0.0,0.0,0.0,0.0,0.0,0.0,0.0,0.0,0.0,0.0,0.0,0.0,0.0,0.0,0.0,0.0,0.0,0.0,0.0,0.0,0.0,0.0,0.0,0.0,0.0,0.0,0.0,0.0,0.0,0.0,0.0,0.0,0.0,0.0,0.0,0.0,0.0,0.0,0.0,0.0,0.0,0.0,0.0,0.0,0.0,0.0,0.0,0.0,0.0,0.0,0.0,0.0,0.0,0.0,0.0,0.0,0.0,0.0,0.0,0.0,0.0,0.0,0.0,0.0,0.0,0.0,0.0,0.0,0.0,0.0,0.0,0.0,0.0,0.0,0.0,0.0,0.0,0.0,0.0,0.0,0.0,0.0,0.0,0.0,0.0,0.0,0.0,0.0,0.0,0.0,0.0,0.0,0.0,0.0,0.0,0.0,0.0
131,Re,CH2CH,3.47529,-0.5845199999999999,1.6580000000000001,2,0,1,3,0,0,5.91507506338424,0.0,0.0,3.8904302162874576,3.804187515105533,2.7425313074699846,0.13049517154027174,0.11731722762252665,0.11598176056943033,0.0,0.0,0.0,0.0,0.0,0.0,0.0,0.0,0.0,0.0,0.0,0.0,0.0,0.0,0.0,0.0,0.0,0.0,1.203495306566249,0.8844739612272309,0.8814081469849707,0.7772557525800697,0.1415211239264943,0.08559763259908168,0.07802633906576871,0.07203220937841368,0.06722212949775057,0.05930704893805468,0.05059356521452493,0.02793301895893398,0.004589465788990488,0.0005298685303236836,0.0,0.0,0.0,0.0,0.0,0.0,0.0,0.0,0.0,0.0,0.0,0.0,0.0,0.0,0.0,0.0,0.0,0.0,0.0,0.0,0.0,0.0,0.0,0.0,0.0,0.0,0.0,0.0,0.0,0.0,0.0,0.0,0.0,0.0,0.0,0.0,0.0,0.0,0.0,0.0,0.0,0.0,0.0,0.0,0.0,0.0,0.0,0.0,0.0,0.0,0.0,0.0,0.0,0.0,0.0,0.0,0.0,0.0,0.0,0.0,0.0,0.0,0.0,0.0,0.0,0.0,0.0,0.0,0.0,0.0,0.0,0.0,0.0,0.0,0.0,0.0,0.0,0.0,0.0,0.0,0.0,0.0,0.0,0.0,0.0,0.0,0.0,0.0,0.0,0.0,0.0,0.0,0.0,0.0,0.0,0.0,0.0,0.0,0.0,0.0,0.0,0.0,0.0,0.0,0.0,0.0,0.0,0.0,0.0,0.0,0.0,0.0,0.0,0.0,0.0,0.0,0.0,0.0,0.0
132,Re,CH2CH2,3.47529,-0.5845199999999999,1.6580000000000001,2,0,1,4,0,0,5.2860546398444255,0.0,0.0,3.8441547461578818,3.841340000197516,3.0490702680132835,3.0411052077221266,0.11773407106933388,0.11751663151441802,0.10546561717393167,0.10531737405790567,0.0,0.0,0.0,0.0,0.0,0.0,0.0,0.0,0.0,0.0,0.0,0.0,0.0,0.0,0.0,0.0,0.9019596922729688,0.8972339986513753,0.5911356509640524,0.5794391729718696,0.15187448953188418,0.15183687534718798,0.1337142270019107,0.1332191980398952,0.0167125391673312,0.015947642708825826,0.014986302196469391,0.014904630233940137,0.013402988257820148,0.011473293958974564,0.0114322796058304,0.01097204842199156,0.010873503731693613,0.0,0.0,0.0,0.0,0.0,0.0,0.0,0.0,0.0,0.0,0.0,0.0,0.0,0.0,0.0,0.0,0.0,0.0,0.0,0.0,0.0,0.0,0.0,0.0,0.0,0.0,0.0,0.0,0.0,0.0,0.0,0.0,0.0,0.0,0.0,0.0,0.0,0.0,0.0,0.0,0.0,0.0,0.0,0.0,0.0,0.0,0.0,0.0,0.0,0.0,0.0,0.0,0.0,0.0,0.0,0.0,0.0,0.0,0.0,0.0,0.0,0.0,0.0,0.0,0.0,0.0,0.0,0.0,0.0,0.0,0.0,0.0,0.0,0.0,0.0,0.0,0.0,0.0,0.0,0.0,0.0,0.0,0.0,0.0,0.0,0.0,0.0,0.0,0.0,0.0,0.0,0.0,0.0,0.0,0.0,0.0,0.0,0.0,0.0,0.0,0.0,0.0,0.0,0.0,0.0,0.0,0.0,0.0,0.0,0.0,0.0,0.0,0.0,0.0,0.0,0.0
133,Re,CH2CHCO,3.47529,-0.5845199999999999,1.6580000000000001,3,1,2,3,1,0,5.998658628062104,5.39720814338087,0.36448604290547504,3.865372482952021,3.593785673246804,2.930800208654902,0.12248353581699742,0.12034791706388948,0.1145208009761167,0.10486805793997467,0.03204810966264753,0.009114571702077641,0.0,0.0,0.0,0.0,0.0,0.0,0.0,0.0,0.0,10.553003820627456,0.5920966162929461,0.04238365322945912,0.0,0.0,0.0,1.1237736137099288,0.8746956329884846,0.715671454895404,0.6959901810354593,0.6936035533757796,0.5456417285723093,0.43195524536400015,0.12245444567623533,0.09656084306232987,0.08071732229840659,0.07758755619787715,0.07109919448840679,0.05052604937362362,0.04350100571998197,0.04106927230116883,0.03445723808301507,0.03282475434182551,0.030943994431026026,0.027750519382774303,0.027279135222266437,0.007039004165968876,0.004779671094796902,0.002349562564097928,0.000546516693112984,0.0,0.0,0.0,0.0,0.0,0.0,0.0,0.0,0.0,0.0,0.0,0.0,0.0,0.0,0.0,0.0,0.0,0.0,0.0,0.0,0.0,0.0,0.0,0.0,0.0,0.0,0.0,0.0,0.0,0.0,0.0,0.0,0.0,0.0,0.0,0.0,0.0,0.0,0.0,0.0,0.0,0.0,0.0,0.0,0.0,0.0,0.0,0.0,0.058601091708086965,0.00271496616248437,0.0,0.0,0.0,0.0,0.0,0.0,0.0,0.0,0.0,0.0,0.0,1.8661400028401351,0.27030153304156146,0.1530722253797128,0.054093417068305484,0.052987263840564416,0.012222855591828459,0.0,0.0,0.0,0.0,0.0,0.0,0.0,0.0,0.0,0.0,0.0,0.0,0.0,0.0,0.0,0.0,0.0,0.0,0.0,0.0,0.0,0.0,0.0,0.0,0.0,0.0,0.0,0.0,0.0,0.0,0.0,0.0,0.0,0.0,0.0,0.0,0.0,0.0,0.0,0.0,0.0,0.0
134,Re,CH2CHCOOH,3.47529,-0.5845199999999999,1.6580000000000001,2,0,2,3,2,1,5.963871290965401,5.044600840264201,0.3290612293856227,3.9157754976407873,3.4017446118329264,3.0716627283073805,0.2476667352254389,0.1312589429909826,0.12316056531146165,0.11683878529853292,0.10834732404881806,0.0399563435831696,0.0156645927106867,0.010011996978349341,0.0003677932593487698,0.0,0.0,0.0,0.0,0.0,0.0,14.129681612391925,10.735280093429976,0.6429295591453384,0.5525909496233791,0.1792592224334597,0.043498607503851316,0.8692792996611782,0.8207070379806501,0.6462979579042206,0.5213965633848374,0.1963598785658714,0.19621566487350486,0.08717775179489021,0.0739375340327713,0.07237385346377916,0.062322894695070685,0.0576022140573967,0.043265264978366434,0.03348296964501987,0.02948999180689045,0.013867852318497551,0.00916795251126221,0.009048392113245662,0.00656011507987252,0.0032011416359108047,0.0,0.0,0.0,0.0,0.0,0.0,0.0,0.0,0.0,0.0,0.0,0.0,0.0,0.0,0.0,0.0,0.0,0.0,0.0,0.0,0.0,0.0,0.0,0.0,0.0,0.0,0.0,0.0,0.0,0.0,0.0,0.0,0.0,0.0,0.0,0.0,0.0,0.0,0.0,0.0,0.0,0.0,0.0,0.0,0.0,0.0,0.0,0.0,0.0,0.0,0.0,0.0,0.0,8.805592842947325,0.13337244295813888,0.07915509505764083,0.051220146620610266,0.01522970921485671,0.00422989671482815,0.003531041221340552,0.0005897985295026794,0.0,0.0,0.0,0.0,1.0716365176726124,1.3465958451422628,0.12676397196593092,0.09134561840906444,0.08779039349568557,0.07126544512221236,0.06392326394097164,0.061863405701437786,0.058032856305744326,0.03256906657760494,0.029317070692555982,0.0,0.0,0.0,0.0,0.0,0.0,0.0,0.0,0.0,0.0,0.0,0.0,0.0,0.0,0.0,0.0,0.0,0.0,0.0,0.0,0.0,0.0,0.0,0.0,0.0,0.0,0.0,0.0,0.0,0.0,0.0,0.0,0.0,0.0,0.0,0.0,0.0,0.0
135,Re,CH3C,3.47529,-0.5845199999999999,1.6580000000000001,1,0,1,3,0,0,4.750369646485551,0.0,0.0,3.694490971185445,3.676138168707316,3.6718733972300064,0.12717320138246774,0.12551497833963698,0.12500269715404996,0.0,0.0,0.0,0.0,0.0,0.0,0.0,0.0,0.0,0.0,0.0,0.0,0.0,0.0,0.0,0.0,0.0,0.0,1.2907298015166078,1.2648824077325118,1.2583884861324803,0.12022246659426584,0.11444175149316965,0.10911064970172367,0.06853456102807348,0.06789348036579207,0.06771676282675537,0.03284269019931535,0.03242894720955798,0.03240055396753909,0.006384689935752006,0.004572750692939904,0.002856483789210704,0.002230810021663719,0.002172264727525342,0.001554888389446927,0.0015293511891963164,0.0013837920315182895,0.0,0.0,0.0,0.0,0.0,0.0,0.0,0.0,0.0,0.0,0.0,0.0,0.0,0.0,0.0,0.0,0.0,0.0,0.0,0.0,0.0,0.0,0.0,0.0,0.0,0.0,0.0,0.0,0.0,0.0,0.0,0.0,0.0,0.0,0.0,0.0,0.0,0.0,0.0,0.0,0.0,0.0,0.0,0.0,0.0,0.0,0.0,0.0,0.0,0.0,0.0,0.0,0.0,0.0,0.0,0.0,0.0,0.0,0.0,0.0,0.0,0.0,0.0,0.0,0.0,0.0,0.0,0.0,0.0,0.0,0.0,0.0,0.0,0.0,0.0,0.0,0.0,0.0,0.0,0.0,0.0,0.0,0.0,0.0,0.0,0.0,0.0,0.0,0.0,0.0,0.0,0.0,0.0,0.0,0.0,0.0,0.0,0.0,0.0,0.0,0.0,0.0,0.0,0.0,0.0,0.0,0.0,0.0,0.0,0.0,0.0,0.0,0.0
136,Re,CH3CCO,3.47529,-0.5845199999999999,1.6580000000000001,2,0,2,3,1,0,6.114036949259112,4.445348114948408,0.3180524672837968,3.770872258722212,3.718609511635545,3.718435516723075,0.12618095942870705,0.12611866848187053,0.1162796337130137,0.02970539963116307,0.0295419430571723,0.008624128808211552,0.0,0.0,0.0,0.0,0.0,0.0,0.0,0.0,0.0,12.795520435735355,0.40830115327647465,0.11495130214061593,0.0,0.0,0.0,0.9649967019568092,0.9559378714369954,0.9397398885936916,0.9262641625649553,0.7391529959793798,0.72992553651144,0.14574789928837234,0.10387078238881622,0.07064666776914708,0.06053178491960561,0.0571399299127753,0.05501037282099338,0.0543351326321833,0.053449834591069466,0.019294247029070642,0.01574570068689216,0.015107407599858525,0.0007577958294237574,0.0005800010139791444,0.00016389206675307758,0.0,0.0,0.0,0.0,0.0,0.0,0.0,0.0,0.0,0.0,0.0,0.0,0.0,0.0,0.0,0.0,0.0,0.0,0.0,0.0,0.0,0.0,0.0,0.0,0.0,0.0,0.0,0.0,0.0,0.0,0.0,0.0,0.0,0.0,0.0,0.0,0.0,0.0,0.0,0.0,0.0,0.0,0.0,0.0,0.0,0.0,0.0,0.0,0.0,0.0,0.0,0.0,0.01911693819218811,0.018875283064932767,0.0012605780035206571,0.0,0.0,0.0,0.0,0.0,0.0,0.0,0.0,0.0,0.0,1.2547186238511572,0.16978053263879014,0.1676016185598713,0.07239581216343183,0.07176812014857456,0.034130561760684366,0.030955582157726962,0.0048895554625887966,0.0,0.0,0.0,0.0,0.0,0.0,0.0,0.0,0.0,0.0,0.0,0.0,0.0,0.0,0.0,0.0,0.0,0.0,0.0,0.0,0.0,0.0,0.0,0.0,0.0,0.0,0.0,0.0,0.0,0.0,0.0,0.0,0.0,0.0,0.0,0.0,0.0,0.0,0.0,0.0
137,Re,CH3CCOO,3.47529,-0.5845199999999999,1.6580000000000001,1,1,2,3,2,0,4.3448427054947185,4.2057681705043946,0.3918513836615236,3.759841202228776,3.750162782128203,3.075225611297231,0.11854328864340022,0.1184142901274408,0.08602437824543636,0.04176393148913541,0.03687318103149122,0.007836979584837749,0.0,0.0,0.0,0.0,0.0,0.0,0.0,0.0,0.0,17.653897680033268,10.35832214479745,0.5668034911808522,0.4939684852936202,0.3493496302082125,0.04131450161795295,0.9884759120895734,0.92351481127908,0.5360440957309988,0.45695682151948996,0.197113542309182,0.18623933894937653,0.17208859169152713,0.10906580043415948,0.09612549787226374,0.08744571932838575,0.04539649689714702,0.0230243342799896,0.012252300907141135,0.0082553397839259,0.005304683948125121,0.00394120726944085,0.0013724724280436452,0.0,0.0,0.0,0.0,0.0,0.0,0.0,0.0,0.0,0.0,0.0,0.0,0.0,0.0,0.0,0.0,0.0,0.0,0.0,0.0,0.0,0.0,0.0,0.0,0.0,0.0,0.0,0.0,0.0,0.0,0.0,0.0,0.0,0.0,0.0,0.0,0.0,0.0,0.0,0.0,0.0,0.0,0.0,0.0,0.0,0.0,0.0,0.0,0.0,0.0,0.0,0.0,0.0,0.0,0.0,0.07450536101832061,0.05685167753790985,0.00605539535821401,0.0037547282941215775,0.0035621341297452564,0.0,0.0,0.0,0.0,0.0,0.0,0.0,1.1159727106448238,2.2788676641013508,0.2001284489530053,0.1825050903382039,0.0928206636630864,0.07891487585406518,0.04695199286604125,0.04181353719547876,0.029330853958861033,0.02136032642401768,0.02129109181280629,0.003796252782850167,0.002255948105210702,0.0,0.0,0.0,0.0,0.0,0.0,0.0,0.0,0.0,0.0,0.0,0.0,0.0,0.0,0.0,0.0,0.0,0.0,0.0,0.0,0.0,0.0,0.0,0.0,0.0,0.0,0.0,0.0,0.0,0.0,0.0,0.0,0.0,0.0,0.0,0.0
138,Re,CH3CCOOH,3.47529,-0.5845199999999999,1.6580000000000001,1,1,2,3,2,1,6.035584249024261,4.254878714868985,0.3761785200715707,3.7160023931221176,3.7093179841607435,3.2983340650593687,0.2452478950053929,0.11505967760917317,0.11455284689532955,0.09843898168701384,0.03335323989584006,0.032864415875113566,0.014870014401317062,0.008641259205332059,0.00609860416650151,0.0,0.0,0.0,0.0,0.0,0.0,13.5071705223228,10.552559739068704,0.5940092112771107,0.5449210850553647,0.3292305489597277,0.042410688174075034,0.93044961361136,0.9228579959425824,0.2544318438676977,0.2500615163699139,0.20745239561421547,0.17730092220653462,0.16807952208976465,0.12499577168324545,0.10871690506918484,0.1086587141238076,0.02518684199795191,0.02504934641311574,0.024806015714392532,0.024173387426846344,0.022475450822363838,0.019017709565902843,0.016311099137276238,0.010110522270880915,0.010106070179095008,0.008550989331303275,0.0041388224381387366,0.004138027876130578,0.0013220796455061141,0.001186644412152934,0.0,0.0,0.0,0.0,0.0,0.0,0.0,0.0,0.0,0.0,0.0,0.0,0.0,0.0,0.0,0.0,0.0,0.0,0.0,0.0,0.0,0.0,0.0,0.0,0.0,0.0,0.0,0.0,0.0,0.0,0.0,0.0,0.0,0.0,0.0,0.0,0.0,0.0,0.0,0.0,0.0,0.0,0.0,0.0,0.0,0.0,0.0,0.0,8.861784854492038,0.14865584708054255,0.05887263758390314,0.05486334255776711,0.005839307999566518,0.0033609264694499093,0.003316539841235043,0.0,0.0,0.0,0.0,0.0,1.1189638956617525,1.6203043318785573,0.13427506484376073,0.13153796589768374,0.08857644526213984,0.08395556179475512,0.01763948100357151,0.015142656444470187,0.014011009331506015,0.003521372040459838,0.0,0.0,0.0,0.0,0.0,0.0,0.0,0.0,0.0,0.0,0.0,0.0,0.0,0.0,0.0,0.0,0.0,0.0,0.0,0.0,0.0,0.0,0.0,0.0,0.0,0.0,0.0,0.0,0.0,0.0,0.0,0.0,0.0,0.0,0.0,0.0,0.0,0.0,0.0
139,Re,CH3CH,3.47529,-0.5845199999999999,1.6580000000000001,1,0,1,4,0,0,4.360727451671929,0.0,0.0,3.7859336283233835,3.681553098268978,3.679764766516759,2.267397093568904,0.15802651191334538,0.12034309088030977,0.12001906102014585,0.11989314825785286,0.0,0.0,0.0,0.0,0.0,0.0,0.0,0.0,0.0,0.0,0.0,0.0,0.0,0.0,0.0,0.0,1.0369251237382715,1.0284091006560687,0.9824105915453234,0.1227604704419682,0.11685920445924007,0.05991145761699656,0.05870941609523669,0.056017624763346194,0.05384019707097856,0.02245980706116301,0.02229130298737055,0.022201207640699255,0.01726192931548416,0.0004585220065540414,0.00032520075541034657,0.00013258155313369824,0.0,0.0,0.0,0.0,0.0,0.0,0.0,0.0,0.0,0.0,0.0,0.0,0.0,0.0,0.0,0.0,0.0,0.0,0.0,0.0,0.0,0.0,0.0,0.0,0.0,0.0,0.0,0.0,0.0,0.0,0.0,0.0,0.0,0.0,0.0,0.0,0.0,0.0,0.0,0.0,0.0,0.0,0.0,0.0,0.0,0.0,0.0,0.0,0.0,0.0,0.0,0.0,0.0,0.0,0.0,0.0,0.0,0.0,0.0,0.0,0.0,0.0,0.0,0.0,0.0,0.0,0.0,0.0,0.0,0.0,0.0,0.0,0.0,0.0,0.0,0.0,0.0,0.0,0.0,0.0,0.0,0.0,0.0,0.0,0.0,0.0,0.0,0.0,0.0,0.0,0.0,0.0,0.0,0.0,0.0,0.0,0.0,0.0,0.0,0.0,0.0,0.0,0.0,0.0,0.0,0.0,0.0,0.0,0.0,0.0,0.0,0.0,0.0,0.0,0.0,0.0,0.0
140,Re,CH3CH2,3.47529,-0.5845199999999999,1.6580000000000001,1,0,1,5,0,0,4.2695444952632045,0.0,0.0,3.770563561402806,3.769029089678433,3.1608573794903663,3.152973044662964,2.9554460558368767,0.11766019528952495,0.11745362051609705,0.1169249705193956,0.11688522638415022,0.09299304479119573,0.0,0.0,0.0,0.0,0.0,0.0,0.0,0.0,0.0,0.0,0.0,0.0,0.0,0.0,0.7550556525200481,0.6555036662465423,0.6420694460771276,0.458302573703726,0.05720298110556764,0.05599726486214325,0.04840587910875716,0.04571058590898598,0.04542328444653247,0.03088531900572487,0.030413708414499318,0.01939582358362576,0.011929585508037018,0.01170864700107722,0.011235274140998107,0.0,0.0,0.0,0.0,0.0,0.0,0.0,0.0,0.0,0.0,0.0,0.0,0.0,0.0,0.0,0.0,0.0,0.0,0.0,0.0,0.0,0.0,0.0,0.0,0.0,0.0,0.0,0.0,0.0,0.0,0.0,0.0,0.0,0.0,0.0,0.0,0.0,0.0,0.0,0.0,0.0,0.0,0.0,0.0,0.0,0.0,0.0,0.0,0.0,0.0,0.0,0.0,0.0,0.0,0.0,0.0,0.0,0.0,0.0,0.0,0.0,0.0,0.0,0.0,0.0,0.0,0.0,0.0,0.0,0.0,0.0,0.0,0.0,0.0,0.0,0.0,0.0,0.0,0.0,0.0,0.0,0.0,0.0,0.0,0.0,0.0,0.0,0.0,0.0,0.0,0.0,0.0,0.0,0.0,0.0,0.0,0.0,0.0,0.0,0.0,0.0,0.0,0.0,0.0,0.0,0.0,0.0,0.0,0.0,0.0,0.0,0.0,0.0,0.0,0.0,0.0,0.0,0.0
141,Re,CH3CH2CO,3.47529,-0.5845199999999999,1.6580000000000001,1,1,2,5,1,0,4.473157276952632,4.19109719862594,0.3251249493610797,3.805365241535252,3.757160529200189,3.747337958121735,3.747065898778784,3.6869610144999556,0.13575995690854326,0.12991955099692798,0.12309452740418725,0.12061857515374926,0.11889615687657668,0.11758680600566362,0.11583189793376802,0.0317971237342571,0.030746154631274367,0.00859756394679385,0.0,0.0,0.0,13.376921898427982,0.5876817839370223,0.1604824428041995,0.0,0.0,0.0,1.3168046417450974,0.34333709957001274,0.14692660068999472,0.1294737365308002,0.12507768805990202,0.028773266937267943,0.027697339087034343,0.015979172913860817,0.012521623242410015,0.01250191501918595,0.011225091518488823,0.009988840503108536,0.007742004932115281,0.0065034445799686145,0.004586151157621347,0.003295779643163629,0.0019200872253415761,0.00019698722873077307,0.0,0.0,0.0,0.0,0.0,0.0,0.0,0.0,0.0,0.0,0.0,0.0,0.0,0.0,0.0,0.0,0.0,0.0,0.0,0.0,0.0,0.0,0.0,0.0,0.0,0.0,0.0,0.0,0.0,0.0,0.0,0.0,0.0,0.0,0.0,0.0,0.0,0.0,0.0,0.0,0.0,0.0,0.0,0.0,0.0,0.0,0.0,0.0,0.0,0.0,0.0,0.0,0.0,0.0,0.059106467345479086,0.040485416765787686,0.0165944627430483,0.013019331793100157,0.003223001667774372,0.0,0.0,0.0,0.0,0.0,0.0,0.0,0.0,1.468985795107442,0.25288642497658154,0.12673867391763854,0.11964439254443038,0.0565393334522187,0.049845370691471186,0.034327995484031766,0.006491536448734965,0.0,0.0,0.0,0.0,0.0,0.0,0.0,0.0,0.0,0.0,0.0,0.0,0.0,0.0,0.0,0.0,0.0,0.0,0.0,0.0,0.0,0.0,0.0,0.0,0.0,0.0,0.0,0.0,0.0,0.0,0.0,0.0,0.0,0.0,0.0,0.0,0.0,0.0,0.0,0.0
142,Re,CH3CH2COO,3.47529,-0.5845199999999999,1.6580000000000001,0,2,2,5,2,0,4.5794660480914855,4.357011162916772,0.3068348921981635,3.7702756956724537,3.7692374346234336,3.763251343240128,3.6917393453048217,3.685607962301914,0.14125702604453955,0.14092291597359627,0.12373273114201075,0.11922353371463755,0.1191906112099006,0.11799694928032743,0.11775302875122196,0.029019748826251836,0.028729587613293143,0.008258797549432016,0.0,0.0,0.0,14.053156707312349,13.828737585402045,0.5937605642998665,0.5671647071699791,0.2545214141750433,0.04078742698758612,0.16732616022776062,0.1671926663731845,0.042077043879982366,0.04110635857862796,0.0019247760448102074,0.0013019084074554627,0.0,0.0,0.0,0.0,0.0,0.0,0.0,0.0,0.0,0.0,0.0,0.0,0.0,0.0,0.0,0.0,0.0,0.0,0.0,0.0,0.0,0.0,0.0,0.0,0.0,0.0,0.0,0.0,0.0,0.0,0.0,0.0,0.0,0.0,0.0,0.0,0.0,0.0,0.0,0.0,0.0,0.0,0.0,0.0,0.0,0.0,0.0,0.0,0.0,0.0,0.0,0.0,0.0,0.0,0.0,0.0,0.0,0.0,0.0,0.0,0.0,0.0,0.0,0.0,0.0,0.0,0.061090171960987434,0.05916582876261672,0.045448101634710025,0.04300654333174876,0.023539358621767068,0.02273858536696676,0.004753885902439702,0.0030403477285013032,0.0029799790936504453,0.0,0.0,0.0,1.064606984951117,1.5619891510820327,1.5333720859772324,0.14331415202669334,0.14179541848030544,0.09962275204877948,0.09752329249266678,0.09057340738222787,0.0905364467325151,0.06950729836454853,0.0691534484262036,0.06433143974647149,0.06272490036871409,0.05424274175403195,0.0004352324057182514,0.00017695294846345466,0.0,0.0,0.0,0.0,0.0,0.0,0.0,0.0,0.0,0.0,0.0,0.0,0.0,0.0,0.0,0.0,0.0,0.0,0.0,0.0,0.0,0.0,0.0,0.0,0.0,0.0,0.0,0.0,0.0,0.0,0.0,0.0,0.0
143,Re,CH3CH2COOH,3.47529,-0.5845199999999999,1.6580000000000001,0,0,2,5,2,1,4.687507651125434,4.330657499628064,0.30405219575880105,3.7672501659063786,3.753806958139199,3.751462902621696,3.7405819447466873,3.623913850411936,0.2382544731803259,0.146951055629358,0.14350627668777455,0.12457874079281747,0.12075679726462768,0.11864332423269534,0.11846540979558752,0.1153489328924122,0.02833571998712552,0.02812944173354107,0.012822754857469656,0.008292990031105459,0.0039260763844804055,15.535208335262313,11.904415355469196,0.5900235965268534,0.5672904291903698,0.2336195435256831,0.045018814342011486,0.13298770097626175,0.015125241303550519,0.013006233255604866,0.008666107919528928,0.005109692031851246,0.0015224873295278975,0.00027854592214256527,0.0,0.0,0.0,0.0,0.0,0.0,0.0,0.0,0.0,0.0,0.0,0.0,0.0,0.0,0.0,0.0,0.0,0.0,0.0,0.0,0.0,0.0,0.0,0.0,0.0,0.0,0.0,0.0,0.0,0.0,0.0,0.0,0.0,0.0,0.0,0.0,0.0,0.0,0.0,0.0,0.0,0.0,0.0,0.0,0.0,0.0,0.0,0.0,0.0,0.0,0.0,0.0,0.0,0.0,0.0,0.0,0.0,0.0,0.0,0.0,0.0,0.0,0.0,0.0,0.0,7.2781310007576945,0.11472376111116807,0.07756994559107966,0.05515302382769712,0.04061444288166997,0.03424891990789365,0.02749052036360521,0.01776015554024257,0.004738806285041784,0.004503156489369567,0.002640839245265541,0.0,1.0453818021215504,1.3065507959806264,0.1610767943057385,0.13951025127592273,0.0978638301601572,0.08448248293277455,0.08156354423861242,0.06403008066262525,0.05888371611334491,0.03769523816179126,0.03312646895809206,0.004003053461776589,0.0,0.0,0.0,0.0,0.0,0.0,0.0,0.0,0.0,0.0,0.0,0.0,0.0,0.0,0.0,0.0,0.0,0.0,0.0,0.0,0.0,0.0,0.0,0.0,0.0,0.0,0.0,0.0,0.0,0.0,0.0,0.0,0.0,0.0,0.0,0.0,0.0
144,Re,CH3CH3,3.47529,-0.5845199999999999,1.6580000000000001,0,0,1,6,0,0,4.353316357954105,0.0,0.0,3.739726767565605,3.739470551385393,3.734524572069291,3.7260406688278622,3.7093204705626426,3.630436103143034,0.11823038176264165,0.11790988933913647,0.11779862146122355,0.11768589137195325,0.11718668711579905,0.11711838804775468,0.0,0.0,0.0,0.0,0.0,0.0,0.0,0.0,0.0,0.0,0.0,0.0,0.025567783716711274,0.011630436885044056,0.005375629245296814,0.0006994373312030101,0.0,0.0,0.0,0.0,0.0,0.0,0.0,0.0,0.0,0.0,0.0,0.0,0.0,0.0,0.0,0.0,0.0,0.0,0.0,0.0,0.0,0.0,0.0,0.0,0.0,0.0,0.0,0.0,0.0,0.0,0.0,0.0,0.0,0.0,0.0,0.0,0.0,0.0,0.0,0.0,0.0,0.0,0.0,0.0,0.0,0.0,0.0,0.0,0.0,0.0,0.0,0.0,0.0,0.0,0.0,0.0,0.0,0.0,0.0,0.0,0.0,0.0,0.0,0.0,0.0,0.0,0.0,0.0,0.0,0.0,0.0,0.0,0.0,0.0,0.0,0.0,0.0,0.0,0.0,0.0,0.0,0.0,0.0,0.0,0.0,0.0,0.0,0.0,0.0,0.0,0.0,0.0,0.0,0.0,0.0,0.0,0.0,0.0,0.0,0.0,0.0,0.0,0.0,0.0,0.0,0.0,0.0,0.0,0.0,0.0,0.0,0.0,0.0,0.0,0.0,0.0,0.0,0.0,0.0,0.0,0.0,0.0,0.0,0.0,0.0,0.0,0.0,0.0,0.0
145,Re,CH3CHCO,3.47529,-0.5845199999999999,1.6580000000000001,2,0,2,4,1,0,6.3372133863147315,4.640152549116214,0.2901735093112676,3.7890994276645173,3.759686154422404,3.75370948602068,3.6675814761926167,0.13633904155210386,0.12821601587834885,0.12582865080917713,0.12234322814036876,0.11331203689955267,0.03208856724715594,0.018003669218177542,0.009161914156161756,0.0,0.0,0.0,0.0,0.0,0.0,10.216844999810784,0.5609248527171969,0.18073364820601148,0.0,0.0,0.0,1.1428623285431192,0.7600848576306807,0.5597618634072546,0.4103824814072561,0.13889185658830105,0.13104313306221746,0.10086818614399852,0.07572122826778914,0.05067379401223879,0.04054667454786015,0.039178929909925685,0.03863874272255195,0.027077302047181045,0.012105817395010059,0.008047451429782294,0.006049994680786475,0.0038848218884039343,0.003721407198443095,0.0,0.0,0.0,0.0,0.0,0.0,0.0,0.0,0.0,0.0,0.0,0.0,0.0,0.0,0.0,0.0,0.0,0.0,0.0,0.0,0.0,0.0,0.0,0.0,0.0,0.0,0.0,0.0,0.0,0.0,0.0,0.0,0.0,0.0,0.0,0.0,0.0,0.0,0.0,0.0,0.0,0.0,0.0,0.0,0.0,0.0,0.0,0.0,0.0,0.0,0.0,0.0,0.0,0.0,0.05247141688522109,0.01517254753803688,0.013931146829062,0.0038121122816089717,0.0,0.0,0.0,0.0,0.0,0.0,0.0,0.0,0.0,2.050504706145851,0.27589741767334863,0.2175360580806458,0.10355833941782894,0.07302345573086921,0.029688867601922776,0.016919589355251726,0.0,0.0,0.0,0.0,0.0,0.0,0.0,0.0,0.0,0.0,0.0,0.0,0.0,0.0,0.0,0.0,0.0,0.0,0.0,0.0,0.0,0.0,0.0,0.0,0.0,0.0,0.0,0.0,0.0,0.0,0.0,0.0,0.0,0.0,0.0,0.0,0.0,0.0,0.0,0.0,0.0
146,Re,CH3CHCOO,3.47529,-0.5845199999999999,1.6580000000000001,1,2,2,4,2,0,5.666224619274492,4.440283758186121,0.317209533503286,3.810420137374253,3.748767369763297,3.6581014194430668,3.655437007100649,0.14040517366602606,0.12139807475881773,0.11966193572284445,0.11699803324393225,0.11386653367582493,0.03215837848621738,0.02428763683072131,0.008808800520150348,0.0,0.0,0.0,0.0,0.0,0.0,11.733129895361323,11.445136529625056,0.5556253648961492,0.5513406248542224,0.20404496464329386,0.04036614332994252,0.7978284607794635,0.38930423398127867,0.3685032929474984,0.33357030409140576,0.11741061959981715,0.08079279293486268,0.07503649706415283,0.0746543874329801,0.05346372575812422,0.04610333223273769,0.04052714932666375,0.037030058279518864,0.033606504500665074,0.03251228726021055,0.028918708857727488,0.02347413988656578,0.018490263963394257,0.0,0.0,0.0,0.0,0.0,0.0,0.0,0.0,0.0,0.0,0.0,0.0,0.0,0.0,0.0,0.0,0.0,0.0,0.0,0.0,0.0,0.0,0.0,0.0,0.0,0.0,0.0,0.0,0.0,0.0,0.0,0.0,0.0,0.0,0.0,0.0,0.0,0.0,0.0,0.0,0.0,0.0,0.0,0.0,0.0,0.0,0.0,0.0,0.0,0.0,0.0,0.0,0.0,0.0,0.0,0.06837004996598396,0.055255697457560586,0.01904746536807387,0.01606832359399958,0.004072817785613553,0.003625639348242144,0.002497061741472469,0.0,0.0,0.0,0.0,0.0,1.0304690620525112,1.847731829480857,1.7976120431407323,0.14769308317129648,0.1405051727039325,0.13424687631487078,0.11989542661276315,0.0985995707470856,0.09516806304880564,0.07333080761611946,0.07220955191001048,0.06037710779927469,0.054769727743026464,0.0013737719681371564,0.0012265088051406775,0.0,0.0,0.0,0.0,0.0,0.0,0.0,0.0,0.0,0.0,0.0,0.0,0.0,0.0,0.0,0.0,0.0,0.0,0.0,0.0,0.0,0.0,0.0,0.0,0.0,0.0,0.0,0.0,0.0,0.0,0.0,0.0,0.0,0.0
147,Re,CH3CHCOOH,3.47529,-0.5845199999999999,1.6580000000000001,1,0,2,4,2,1,6.19021153610744,4.44588649658388,0.33879738800734105,3.8495624353118902,3.7292280194462513,3.664272144711963,3.650066949698674,0.21264865802961389,0.14448724576416588,0.12159387162281005,0.12052122955582688,0.11686725940932535,0.11109734474563802,0.035713613439886015,0.02441492669876741,0.014763640628183928,0.009463922517923658,0.0006327651814889202,0.0,0.0,0.0,13.441566140748346,8.089272826786686,0.5563183857318497,0.5300901129998827,0.18009557689546482,0.0398218018739502,0.7536219693823919,0.35528659635921456,0.3467466923889431,0.23283295825084266,0.11159712840850956,0.07336881581366055,0.06601442610316642,0.05892548907058193,0.054009954187160175,0.052483461741812384,0.043660512826391114,0.03867466730882699,0.03754391543729521,0.03607562725762357,0.02144449704137726,0.020442633769295813,0.010607838274148348,0.0009071228323726428,0.0,0.0,0.0,0.0,0.0,0.0,0.0,0.0,0.0,0.0,0.0,0.0,0.0,0.0,0.0,0.0,0.0,0.0,0.0,0.0,0.0,0.0,0.0,0.0,0.0,0.0,0.0,0.0,0.0,0.0,0.0,0.0,0.0,0.0,0.0,0.0,0.0,0.0,0.0,0.0,0.0,0.0,0.0,0.0,0.0,0.0,0.0,0.0,0.0,0.0,0.0,0.0,0.0,0.0,8.643139166536669,0.12958593746280755,0.07868119981273372,0.04893186571130899,0.016061548861312037,0.01591506485592789,0.0036229135976602366,0.003536802047754625,0.0023102192415669627,0.0,0.0,0.0,0.9733741203135242,1.3801221973342033,0.8923996509157982,0.12635265003570473,0.1223448875979594,0.11760322642768425,0.10931700422395063,0.0768930185666693,0.07626466544601103,0.06637472881300208,0.06311724165958718,0.05867989888961735,0.05850954416354288,0.04177836841067385,0.0,0.0,0.0,0.0,0.0,0.0,0.0,0.0,0.0,0.0,0.0,0.0,0.0,0.0,0.0,0.0,0.0,0.0,0.0,0.0,0.0,0.0,0.0,0.0,0.0,0.0,0.0,0.0,0.0,0.0,0.0,0.0,0.0,0.0,0.0
148,Re,CHCH,3.47529,-0.5845199999999999,1.6580000000000001,2,0,1,2,0,0,5.896540584950273,0.0,0.0,3.7599131852998684,3.754715420781992,0.11419822049389425,0.11288147031456905,0.0,0.0,0.0,0.0,0.0,0.0,0.0,0.0,0.0,0.0,0.0,0.0,0.0,0.0,0.0,0.0,0.0,0.0,0.0,0.0,0.9727487070794716,0.9712365772957124,0.9399520699066658,0.9335052016745241,0.9133683694921162,0.8986053515856087,0.08792183202906925,0.0765660986818781,0.05939752448652076,0.0587242284905015,0.052478755546301166,0.051515928009465056,0.027041255288155826,0.020904117408608543,0.020504853178955656,0.0011509359170969805,0.0011214504678141515,0.000776792204760339,0.0006967323344743147,0.0004368485040576915,0.0003994577848157772,0.0003107829170945105,0.0,0.0,0.0,0.0,0.0,0.0,0.0,0.0,0.0,0.0,0.0,0.0,0.0,0.0,0.0,0.0,0.0,0.0,0.0,0.0,0.0,0.0,0.0,0.0,0.0,0.0,0.0,0.0,0.0,0.0,0.0,0.0,0.0,0.0,0.0,0.0,0.0,0.0,0.0,0.0,0.0,0.0,0.0,0.0,0.0,0.0,0.0,0.0,0.0,0.0,0.0,0.0,0.0,0.0,0.0,0.0,0.0,0.0,0.0,0.0,0.0,0.0,0.0,0.0,0.0,0.0,0.0,0.0,0.0,0.0,0.0,0.0,0.0,0.0,0.0,0.0,0.0,0.0,0.0,0.0,0.0,0.0,0.0,0.0,0.0,0.0,0.0,0.0,0.0,0.0,0.0,0.0,0.0,0.0,0.0,0.0,0.0,0.0,0.0,0.0,0.0,0.0,0.0,0.0,0.0,0.0,0.0,0.0,0.0,0.0,0.0
149,Re,CHCHCO,3.47529,-0.5845199999999999,1.6580000000000001,3,0,2,2,1,0,5.9388801517141365,5.738281706989953,0.3732997638881468,3.811836749226274,3.2651410649723336,0.13211442637755355,0.1152737911181486,0.10693806265701307,0.009339018460050077,0.0,0.0,0.0,0.0,0.0,0.0,0.0,0.0,0.0,0.0,0.0,0.0,10.374571471929293,0.5686431338669607,0.04364222593134657,0.0,0.0,0.0,1.186588970991146,1.170169008195219,0.8536893462812002,0.7802990685464698,0.7397457569417616,0.7084861539896866,0.5092456335232315,0.1449467236859246,0.1291943155628958,0.10536230602802996,0.08529563585034107,0.06596513455748182,0.06470332490503555,0.057971108743588136,0.05134677540468062,0.04588526416199458,0.04343182773813281,0.04097322289782626,0.030555659908130205,0.02440729456816992,0.020805111200565225,0.009388381256592828,0.0050439014089946645,0.004645515368737193,0.003307525651881461,0.0010051759226956773,0.0,0.0,0.0,0.0,0.0,0.0,0.0,0.0,0.0,0.0,0.0,0.0,0.0,0.0,0.0,0.0,0.0,0.0,0.0,0.0,0.0,0.0,0.0,0.0,0.0,0.0,0.0,0.0,0.0,0.0,0.0,0.0,0.0,0.0,0.0,0.0,0.0,0.0,0.0,0.0,0.0,0.0,0.0,0.0,0.0,0.0,0.05664023612690311,0.0,0.0,0.0,0.0,0.0,0.0,0.0,0.0,0.0,0.0,0.0,0.0,1.9478216588392163,0.2718219938343821,0.17791093745464112,0.11894688251985955,0.05751648370254405,0.04297471633207186,0.012079357777797587,0.0,0.0,0.0,0.0,0.0,0.0,0.0,0.0,0.0,0.0,0.0,0.0,0.0,0.0,0.0,0.0,0.0,0.0,0.0,0.0,0.0,0.0,0.0,0.0,0.0,0.0,0.0,0.0,0.0,0.0,0.0,0.0,0.0,0.0,0.0,0.0,0.0,0.0,0.0,0.0,0.0
150,Re,CHCHCOOH,3.47529,-0.5845199999999999,1.6580000000000001,2,0,2,2,2,1,5.786074854561279,5.461040318555477,0.3157090435274311,3.857042381540868,2.7946663690698035,0.2458265482711726,0.13842059231468898,0.13665597864356802,0.1158380445558505,0.015508678830885747,0.010572762615288105,0.0004047533515728788,0.0,0.0,0.0,0.0,0.0,0.0,0.0,0.0,0.0,14.674559827673464,10.755446579889554,0.6507318520578872,0.5361516254512084,0.14678316563851673,0.047498066062618936,1.2419972700127309,0.9179429768965129,0.8540899788447678,0.7375701297855948,0.1775162250756167,0.14772656319112026,0.11767509428454155,0.08118463064749977,0.08080105779591462,0.07973151833482278,0.06182608512834616,0.04755636166405082,0.046379728115554734,0.029766784113455975,0.02134129547233134,0.004575603411800609,0.0041232820613725215,0.00011131049863525105,0.0,0.0,0.0,0.0,0.0,0.0,0.0,0.0,0.0,0.0,0.0,0.0,0.0,0.0,0.0,0.0,0.0,0.0,0.0,0.0,0.0,0.0,0.0,0.0,0.0,0.0,0.0,0.0,0.0,0.0,0.0,0.0,0.0,0.0,0.0,0.0,0.0,0.0,0.0,0.0,0.0,0.0,0.0,0.0,0.0,0.0,0.0,0.0,0.0,0.0,0.0,0.0,0.0,0.0,8.814603433810284,0.13774204581372035,0.08894720968174566,0.015521920355100015,0.0026137749781531645,0.0015731910247054571,0.0,0.0,0.0,0.0,0.0,0.0,1.106142991002727,1.3751613101818978,0.11114987641848986,0.10105593382802668,0.08594961396324778,0.07000321006207907,0.06992853751008299,0.06457860845584837,0.014668126518535878,0.013815071815184632,0.004865172611423281,0.0,0.0,0.0,0.0,0.0,0.0,0.0,0.0,0.0,0.0,0.0,0.0,0.0,0.0,0.0,0.0,0.0,0.0,0.0,0.0,0.0,0.0,0.0,0.0,0.0,0.0,0.0,0.0,0.0,0.0,0.0,0.0,0.0,0.0,0.0,0.0,0.0,0.0
151,Re,CO,3.47529,-0.5845199999999999,1.6580000000000001,1,0,0,0,1,0,0.0,0.0,0.0,0.0,0.0,0.0,0.0,0.0,0.0,0.0,0.0,0.0,0.0,0.0,0.0,0.0,0.0,0.0,0.0,0.0,0.0,18.846410986532774,0.0,0.0,0.0,0.0,0.0,1.0413609613705106,1.027491813699508,0.987825370250057,0.06480863723865267,0.06307118759006172,0.06290040479714322,0.02659186398127825,0.02594873809636396,0.02584277918315157,0.0011731365420394669,0.0011159752917383851,0.0007587391756120643,0.00021038915697017824,0.00020806672173110175,0.0,0.0,0.0,0.0,0.0,0.0,0.0,0.0,0.0,0.0,0.0,0.0,0.0,0.0,0.0,0.0,0.0,0.0,0.0,0.0,0.0,0.0,0.0,0.0,0.0,0.0,0.0,0.0,0.0,0.0,0.0,0.0,0.0,0.0,0.0,0.0,0.0,0.0,0.0,0.0,0.0,0.0,0.0,0.0,0.0,0.0,0.0,0.0,0.0,0.0,0.0,0.0,0.0,0.0,0.0,0.0,0.0,0.0,0.0,0.0,0.0,0.0,0.0,0.0,0.0,0.0,0.0,0.0,0.0,0.0,0.0,0.19790041208449935,0.19599130442205726,0.19398755651658692,0.014900182087729147,0.01380622661005078,0.013533318783402686,0.0,0.0,0.0,0.0,0.0,0.0,0.0,0.0,0.0,0.0,0.0,0.0,0.0,0.0,0.0,0.0,0.0,0.0,0.0,0.0,0.0,0.0,0.0,0.0,0.0,0.0,0.0,0.0,0.0,0.0,0.0,0.0,0.0,0.0,0.0,0.0,0.0,0.0,0.0,0.0,0.0,0.0
152,Re,CO2,3.47529,-0.5845199999999999,1.6580000000000001,0,0,0,0,2,0,0.0,0.0,0.0,0.0,0.0,0.0,0.0,0.0,0.0,0.0,0.0,0.0,0.0,0.0,0.0,0.0,0.0,0.0,0.0,0.0,0.0,15.45722655507471,15.447959938859078,0.0,0.0,0.0,0.0,0.8058463879249732,0.8006364960275809,0.15751130023253335,0.1475250684077605,0.02102052428511009,0.016648584563811655,0.016525623318702488,0.014764986415610266,0.014640674519034396,0.0,0.0,0.0,0.0,0.0,0.0,0.0,0.0,0.0,0.0,0.0,0.0,0.0,0.0,0.0,0.0,0.0,0.0,0.0,0.0,0.0,0.0,0.0,0.0,0.0,0.0,0.0,0.0,0.0,0.0,0.0,0.0,0.0,0.0,0.0,0.0,0.0,0.0,0.0,0.0,0.0,0.0,0.0,0.0,0.0,0.0,0.0,0.0,0.0,0.0,0.0,0.0,0.0,0.0,0.0,0.0,0.0,0.0,0.0,0.0,0.0,0.0,0.0,0.0,0.0,0.0,0.0,0.0,0.0,0.0,0.0,0.0,0.0,0.0,0.0,0.9109585198305769,1.0719947637853158,1.069530156211438,0.10849919158577576,0.10767985800802528,0.07777798956105098,0.07714272690581159,0.07419688194583668,0.07409874674175349,0.06040235056036385,0.060093561614924025,0.05616976019819853,0.05601766963316717,0.04852350629803242,0.0,0.0,0.0,0.0,0.0,0.0,0.0,0.0,0.0,0.0,0.0,0.0,0.0,0.0,0.0,0.0,0.0,0.0,0.0,0.0,0.0,0.0,0.0,0.0,0.0,0.0,0.0,0.0,0.0,0.0,0.0,0.0,0.0,0.0,0.0
153,Re,COOH,3.47529,-0.5845199999999999,1.6580000000000001,1,0,0,0,2,1,0.0,0.0,0.0,0.2410910454731036,0.0,0.0,0.0,0.0,0.0,0.0,0.0,0.0,0.0,0.0,0.0,0.0,0.0,0.0,0.0,0.0,0.0,13.515361139844973,10.953913226866897,0.0,0.0,0.0,0.0,1.2085066612081607,0.32043728912643554,0.12798631212064274,0.11503863010955287,0.02994783816563605,0.026865711174919742,0.011491824438847043,0.010814448272705343,0.000258011226573332,0.0,0.0,0.0,0.0,0.0,0.0,0.0,0.0,0.0,0.0,0.0,0.0,0.0,0.0,0.0,0.0,0.0,0.0,0.0,0.0,0.0,0.0,0.0,0.0,0.0,0.0,0.0,0.0,0.0,0.0,0.0,0.0,0.0,0.0,0.0,0.0,0.0,0.0,0.0,0.0,0.0,0.0,0.0,0.0,0.0,0.0,0.0,0.0,0.0,0.0,0.0,0.0,0.0,0.0,0.0,0.0,0.0,0.0,0.0,0.0,0.0,0.0,0.0,8.533777291746722,0.14419119401846311,0.0,0.0,0.0,0.0,0.0,0.0,0.0,0.0,0.0,0.0,1.1287676713841233,1.3736618210944658,0.2506569774402646,0.22290340862310135,0.12167474326495008,0.12061987035281428,0.0528066154905017,0.052064492337904604,0.0265869498706054,0.019304416953028328,0.012277164623678852,0.010740986460271287,0.005632496883479513,0.005331134348603453,0.004044173448016586,0.0,0.0,0.0,0.0,0.0,0.0,0.0,0.0,0.0,0.0,0.0,0.0,0.0,0.0,0.0,0.0,0.0,0.0,0.0,0.0,0.0,0.0,0.0,0.0,0.0,0.0,0.0,0.0,0.0,0.0,0.0,0.0,0.0,0.0
154,Re,H2O,3.47529,-0.5845199999999999,1.6580000000000001,0,0,0,0,0,2,0.0,0.0,0.0,0.0,0.0,0.0,0.0,0.0,0.0,0.0,0.0,0.0,0.0,0.0,0.0,0.0,0.0,0.0,0.0,0.0,0.0,0.0,0.0,0.0,0.0,0.0,0.0,0.0,0.0,0.0,0.0,0.0,0.0,0.0,0.0,0.0,0.0,0.0,0.0,0.0,0.0,0.0,0.0,0.0,0.0,0.0,0.0,0.0,0.0,0.0,0.0,0.0,0.0,0.0,0.0,0.0,0.0,0.0,0.0,0.0,0.0,0.0,0.0,0.0,0.0,0.0,0.0,0.0,0.0,0.0,0.0,0.0,0.0,0.0,0.0,0.0,0.0,0.0,0.0,0.0,0.0,0.0,0.0,0.0,0.0,0.0,0.0,0.0,0.0,0.0,0.0,0.0,0.0,0.0,0.0,0.0,0.0,0.0,0.0,8.846373312028918,8.836179158026098,0.0,0.0,0.0,0.0,0.0,0.0,0.0,0.0,0.0,0.0,0.0,0.9105171721499922,0.06466454809408936,0.0645181891720793,0.0641907669517447,0.06403532611831855,0.06343731262435004,0.0,0.0,0.0,0.0,0.0,0.0,0.0,0.0,0.0,0.0,0.0,0.0,0.0,0.0,0.0,0.0,0.0,0.0,0.0,0.0,0.0,0.0,0.0,0.0,0.0,0.0,0.0,0.0,0.0,0.0,0.0,0.0,0.0,0.0,0.0,0.0,0.0,0.0,0.0,0.0,0.0,0.0
155,Re,OH,3.47529,-0.5845199999999999,1.6580000000000001,0,1,0,0,0,1,0.0,0.0,0.0,0.0,0.0,0.0,0.0,0.0,0.0,0.0,0.0,0.0,0.0,0.0,0.0,0.0,0.0,0.0,0.0,0.0,0.0,0.0,0.0,0.0,0.0,0.0,0.0,0.0,0.0,0.0,0.0,0.0,0.0,0.0,0.0,0.0,0.0,0.0,0.0,0.0,0.0,0.0,0.0,0.0,0.0,0.0,0.0,0.0,0.0,0.0,0.0,0.0,0.0,0.0,0.0,0.0,0.0,0.0,0.0,0.0,0.0,0.0,0.0,0.0,0.0,0.0,0.0,0.0,0.0,0.0,0.0,0.0,0.0,0.0,0.0,0.0,0.0,0.0,0.0,0.0,0.0,0.0,0.0,0.0,0.0,0.0,0.0,0.0,0.0,0.0,0.0,0.0,0.0,0.0,0.0,0.0,0.0,0.0,0.0,9.167792928615599,0.0,0.0,0.0,0.0,0.0,0.0,0.0,0.0,0.0,0.0,0.0,0.0,1.3756392574972451,1.3756392574972407,1.3650254383824088,0.09160243496716987,0.08969115764925145,0.08969115764925129,0.08734572715878264,0.0022974850812011037,0.0022974850812011037,0.0017374780931823652,0.0,0.0,0.0,0.0,0.0,0.0,0.0,0.0,0.0,0.0,0.0,0.0,0.0,0.0,0.0,0.0,0.0,0.0,0.0,0.0,0.0,0.0,0.0,0.0,0.0,0.0,0.0,0.0,0.0,0.0,0.0,0.0,0.0,0.0,0.0,0.0,0.0,0.0
156,Ag,ch2c,6.82805595,0.57160595,5.62443,2,0,1,2,0,0,8.468004338918803,0.0,0.0,3.7868517179505496,3.768565904812205,0.13311466018672394,0.13218446589729324,0.0,0.0,0.0,0.0,0.0,0.0,0.0,0.0,0.0,0.0,0.0,0.0,0.0,0.0,0.0,0.0,0.0,0.0,0.0,0.0,0.825111798266855,0.7197602891689918,0.7176394972800909,0.10341236308215017,0.1032596157573678,0.09434568488669222,0.03935803264634834,0.039047913985563634,0.03070899667374638,0.010764035744205563,0.01073086562705148,0.008817729941874332,0.0029970336334558052,0.002403246023376368,0.0023786240009003967,0.0,0.0,0.0,0.0,0.0,0.0,0.0,0.0,0.0,0.0,0.0,0.0,0.0,0.0,0.0,0.0,0.0,0.0,0.0,0.0,0.0,0.0,0.0,0.0,0.0,0.0,0.0,0.0,0.0,0.0,0.0,0.0,0.0,0.0,0.0,0.0,0.0,0.0,0.0,0.0,0.0,0.0,0.0,0.0,0.0,0.0,0.0,0.0,0.0,0.0,0.0,0.0,0.0,0.0,0.0,0.0,0.0,0.0,0.0,0.0,0.0,0.0,0.0,0.0,0.0,0.0,0.0,0.0,0.0,0.0,0.0,0.0,0.0,0.0,0.0,0.0,0.0,0.0,0.0,0.0,0.0,0.0,0.0,0.0,0.0,0.0,0.0,0.0,0.0,0.0,0.0,0.0,0.0,0.0,0.0,0.0,0.0,0.0,0.0,0.0,0.0,0.0,0.0,0.0,0.0,0.0,0.0,0.0,0.0,0.0,0.0,0.0,0.0,0.0,0.0,0.0,0.0,0.0
157,Ag,ch2ch,6.82805595,0.57160595,5.62443,2,0,1,3,0,0,8.031572249535602,0.0,0.0,3.8218534711659062,3.7768362182663613,3.7647081103804574,0.15650339904687294,0.13086959470915305,0.12650180738219402,0.0,0.0,0.0,0.0,0.0,0.0,0.0,0.0,0.0,0.0,0.0,0.0,0.0,0.0,0.0,0.0,0.0,0.0,0.6036639937249577,0.5995279845286683,0.13054471124555472,0.11267399147756105,0.11102663853255497,0.06099008698987956,0.05515289308028885,0.00919313503596289,0.009099276197753782,0.004038117445694153,0.0023526482133923647,0.0006550342902031102,0.0003389210403561861,0.0,0.0,0.0,0.0,0.0,0.0,0.0,0.0,0.0,0.0,0.0,0.0,0.0,0.0,0.0,0.0,0.0,0.0,0.0,0.0,0.0,0.0,0.0,0.0,0.0,0.0,0.0,0.0,0.0,0.0,0.0,0.0,0.0,0.0,0.0,0.0,0.0,0.0,0.0,0.0,0.0,0.0,0.0,0.0,0.0,0.0,0.0,0.0,0.0,0.0,0.0,0.0,0.0,0.0,0.0,0.0,0.0,0.0,0.0,0.0,0.0,0.0,0.0,0.0,0.0,0.0,0.0,0.0,0.0,0.0,0.0,0.0,0.0,0.0,0.0,0.0,0.0,0.0,0.0,0.0,0.0,0.0,0.0,0.0,0.0,0.0,0.0,0.0,0.0,0.0,0.0,0.0,0.0,0.0,0.0,0.0,0.0,0.0,0.0,0.0,0.0,0.0,0.0,0.0,0.0,0.0,0.0,0.0,0.0,0.0,0.0,0.0,0.0,0.0,0.0,0.0,0.0,0.0,0.0,0.0
158,Ag,ch2ch2,6.82805595,0.57160595,5.62443,2,0,1,4,0,0,8.216327618792935,0.0,0.0,3.883258654127837,3.8830655368403137,3.8827984031752423,3.88252123729357,0.1339664713103447,0.1339658812285909,0.1339652546349001,0.13391574616978744,0.0,0.0,0.0,0.0,0.0,0.0,0.0,0.0,0.0,0.0,0.0,0.0,0.0,0.0,0.0,0.0,0.18508266870198647,0.17805286111762125,0.03286557837333565,0.03240068301970346,0.03014620530864476,0.028186460865134363,0.01005254498473968,0.00876376277817005,0.0,0.0,0.0,0.0,0.0,0.0,0.0,0.0,0.0,0.0,0.0,0.0,0.0,0.0,0.0,0.0,0.0,0.0,0.0,0.0,0.0,0.0,0.0,0.0,0.0,0.0,0.0,0.0,0.0,0.0,0.0,0.0,0.0,0.0,0.0,0.0,0.0,0.0,0.0,0.0,0.0,0.0,0.0,0.0,0.0,0.0,0.0,0.0,0.0,0.0,0.0,0.0,0.0,0.0,0.0,0.0,0.0,0.0,0.0,0.0,0.0,0.0,0.0,0.0,0.0,0.0,0.0,0.0,0.0,0.0,0.0,0.0,0.0,0.0,0.0,0.0,0.0,0.0,0.0,0.0,0.0,0.0,0.0,0.0,0.0,0.0,0.0,0.0,0.0,0.0,0.0,0.0,0.0,0.0,0.0,0.0,0.0,0.0,0.0,0.0,0.0,0.0,0.0,0.0,0.0,0.0,0.0,0.0,0.0,0.0,0.0,0.0,0.0,0.0,0.0,0.0,0.0,0.0,0.0,0.0,0.0,0.0,0.0,0.0,0.0
159,Ag,ch2chco,6.82805595,0.57160595,5.62443,3,1,2,3,1,0,8.410957105745496,5.116585685723804,0.3614838824738637,3.9027741841754975,3.8069149856911184,3.8037732287061514,0.13782987855659218,0.13558768792096876,0.13505159527780686,0.1205056505991742,0.03599119480896802,0.00851364223177764,0.0,0.0,0.0,0.0,0.0,0.0,0.0,0.0,0.0,16.622334722368148,0.6583327278744435,0.05657695247098591,0.0,0.0,0.0,0.7591074192539726,0.0842155072620265,0.059467821200579335,0.05463339049219602,0.04887569598176433,0.03242499441236503,0.01763312970017824,0.015850136951738567,0.008135200544528938,0.005829564846865469,0.005323323819836488,0.0010917518178722094,0.0005333520562680293,0.0,0.0,0.0,0.0,0.0,0.0,0.0,0.0,0.0,0.0,0.0,0.0,0.0,0.0,0.0,0.0,0.0,0.0,0.0,0.0,0.0,0.0,0.0,0.0,0.0,0.0,0.0,0.0,0.0,0.0,0.0,0.0,0.0,0.0,0.0,0.0,0.0,0.0,0.0,0.0,0.0,0.0,0.0,0.0,0.0,0.0,0.0,0.0,0.0,0.0,0.0,0.0,0.0,0.0,0.0,0.0,0.0,0.0,0.0,0.07252926391577237,0.003931015847867767,0.00018535001098498715,0.0,0.0,0.0,0.0,0.0,0.0,0.0,0.0,0.0,0.0,0.21077296732104425,0.07414686577997473,0.06919455723083694,0.0,0.0,0.0,0.0,0.0,0.0,0.0,0.0,0.0,0.0,0.0,0.0,0.0,0.0,0.0,0.0,0.0,0.0,0.0,0.0,0.0,0.0,0.0,0.0,0.0,0.0,0.0,0.0,0.0,0.0,0.0,0.0,0.0,0.0,0.0,0.0,0.0,0.0,0.0,0.0,0.0,0.0,0.0,0.0,0.0
160,Ag,ch2chcooh,6.82805595,0.57160595,5.62443,2,0,2,3,2,1,8.434202384499768,5.096034465645046,0.3860349809986796,3.913930321124744,3.8967149724946735,3.8834765768259456,0.2308974178896184,0.14012053649364273,0.1375719383979423,0.13407929773472516,0.11536481149940365,0.04052600292730562,0.014563165244758829,0.008944367031262453,0.0006173489222745551,0.0,0.0,0.0,0.0,0.0,0.0,16.738452149898666,10.751126307282817,0.6562522687472641,0.5719589310947087,0.21838247730568486,0.05478288600837567,0.058538971750219125,0.005004043389753597,0.002860185107352132,0.0,0.0,0.0,0.0,0.0,0.0,0.0,0.0,0.0,0.0,0.0,0.0,0.0,0.0,0.0,0.0,0.0,0.0,0.0,0.0,0.0,0.0,0.0,0.0,0.0,0.0,0.0,0.0,0.0,0.0,0.0,0.0,0.0,0.0,0.0,0.0,0.0,0.0,0.0,0.0,0.0,0.0,0.0,0.0,0.0,0.0,0.0,0.0,0.0,0.0,0.0,0.0,0.0,0.0,0.0,0.0,0.0,0.0,0.0,0.0,0.0,0.0,0.0,0.0,0.0,0.0,0.0,0.0,0.0,8.25169781000885,0.10766843098083666,0.08106661540599053,0.06371570906282159,0.015317639713370138,0.0038460842196811696,0.0036049579752157274,0.00020264253515382084,0.0,0.0,0.0,0.0,1.0140637191773574,0.4705607861103928,0.05187172246301189,0.050310245591524715,0.04841511818190393,0.0460435177914548,0.04478128467560795,0.03129185035211353,0.014308135165095066,0.011976190642713446,0.0,0.0,0.0,0.0,0.0,0.0,0.0,0.0,0.0,0.0,0.0,0.0,0.0,0.0,0.0,0.0,0.0,0.0,0.0,0.0,0.0,0.0,0.0,0.0,0.0,0.0,0.0,0.0,0.0,0.0,0.0,0.0,0.0,0.0,0.0,0.0,0.0,0.0,0.0
161,Ag,ch3c,6.82805595,0.57160595,5.62443,1,0,1,3,0,0,4.894308612670289,0.0,0.0,3.675026698971169,3.6748702015905965,3.674316381843357,0.1260651399853144,0.12571487473045215,0.12570729188274213,0.0,0.0,0.0,0.0,0.0,0.0,0.0,0.0,0.0,0.0,0.0,0.0,0.0,0.0,0.0,0.0,0.0,0.0,0.8674683151017775,0.8661486320454643,0.8587925142993955,0.0918975014090395,0.09141956835364458,0.09114211769702743,0.04168183768992173,0.04014982413654817,0.013575500528685723,0.013406674348622818,0.013379086829345334,0.002125510887687594,0.0018018214526023227,0.0,0.0,0.0,0.0,0.0,0.0,0.0,0.0,0.0,0.0,0.0,0.0,0.0,0.0,0.0,0.0,0.0,0.0,0.0,0.0,0.0,0.0,0.0,0.0,0.0,0.0,0.0,0.0,0.0,0.0,0.0,0.0,0.0,0.0,0.0,0.0,0.0,0.0,0.0,0.0,0.0,0.0,0.0,0.0,0.0,0.0,0.0,0.0,0.0,0.0,0.0,0.0,0.0,0.0,0.0,0.0,0.0,0.0,0.0,0.0,0.0,0.0,0.0,0.0,0.0,0.0,0.0,0.0,0.0,0.0,0.0,0.0,0.0,0.0,0.0,0.0,0.0,0.0,0.0,0.0,0.0,0.0,0.0,0.0,0.0,0.0,0.0,0.0,0.0,0.0,0.0,0.0,0.0,0.0,0.0,0.0,0.0,0.0,0.0,0.0,0.0,0.0,0.0,0.0,0.0,0.0,0.0,0.0,0.0,0.0,0.0,0.0,0.0,0.0,0.0,0.0,0.0,0.0,0.0,0.0
162,Ag,ch3cco,6.82805595,0.57160595,5.62443,2,0,2,3,1,0,9.171962638599632,4.3726002387300005,0.3686212279806387,3.720416086497136,3.720270018666305,3.691070820746742,0.11848591292964272,0.11836833559103015,0.1168609263597522,0.03045751604356305,0.029791163679307182,0.010307056886986276,0.0,0.0,0.0,0.0,0.0,0.0,0.0,0.0,0.0,20.040733376036435,0.4616884575245495,0.05776818331455143,0.0,0.0,0.0,0.5441243419309214,0.5406918129194513,0.1535133329831294,0.14848592191557042,0.1429018284193311,0.09119898553923536,0.08704578584204943,0.0718835409165808,0.07018322073613234,0.06222417362270495,0.01213926325815036,0.010501796815058357,0.004986661145711901,0.004649856421004111,0.004646008108722611,0.004512571716864471,0.0012526333778877655,0.0010691407294359107,0.0008787598306529872,0.0,0.0,0.0,0.0,0.0,0.0,0.0,0.0,0.0,0.0,0.0,0.0,0.0,0.0,0.0,0.0,0.0,0.0,0.0,0.0,0.0,0.0,0.0,0.0,0.0,0.0,0.0,0.0,0.0,0.0,0.0,0.0,0.0,0.0,0.0,0.0,0.0,0.0,0.0,0.0,0.0,0.0,0.0,0.0,0.0,0.0,0.0,0.0,0.0,0.0,0.0,0.0,0.0,0.006543147763525254,0.0063021383993947635,0.0,0.0,0.0,0.0,0.0,0.0,0.0,0.0,0.0,0.0,0.0,0.1826698674740885,0.0371240988289893,0.034707672156995516,0.0152832326853365,0.011594350785511005,0.0058180232295489175,0.00437913056520774,0.0,0.0,0.0,0.0,0.0,0.0,0.0,0.0,0.0,0.0,0.0,0.0,0.0,0.0,0.0,0.0,0.0,0.0,0.0,0.0,0.0,0.0,0.0,0.0,0.0,0.0,0.0,0.0,0.0,0.0,0.0,0.0,0.0,0.0,0.0,0.0,0.0,0.0,0.0,0.0,0.0
163,Ag,ch3ccoo,6.82805595,0.57160595,5.62443,1,1,2,3,2,0,4.937937773636978,4.830116890385543,0.34226007720444857,3.7873976206290783,3.6394910061304233,3.618102261483152,0.1372222202720452,0.12731884769749804,0.11788054230574592,0.03508784100650448,0.034087773568570165,0.008557759937123852,0.0,0.0,0.0,0.0,0.0,0.0,0.0,0.0,0.0,15.370600145197693,12.911451351884155,0.6522561843258775,0.6160063248960358,0.1136391375861044,0.10488476787496387,0.7395105984548715,0.5371469064234929,0.2743650809467029,0.2256340902000341,0.09991898420754902,0.09682925368107034,0.09415789754576748,0.08222470316335105,0.0785548311199741,0.06116797441906688,0.04888936179314188,0.008829211874364432,0.008203694733696445,0.004632446734117255,0.0037236732503191272,0.0034868605625875786,0.002491324930981597,0.0005423740442864339,0.0,0.0,0.0,0.0,0.0,0.0,0.0,0.0,0.0,0.0,0.0,0.0,0.0,0.0,0.0,0.0,0.0,0.0,0.0,0.0,0.0,0.0,0.0,0.0,0.0,0.0,0.0,0.0,0.0,0.0,0.0,0.0,0.0,0.0,0.0,0.0,0.0,0.0,0.0,0.0,0.0,0.0,0.0,0.0,0.0,0.0,0.0,0.0,0.0,0.0,0.0,0.0,0.0,0.0,0.026672925005610526,0.023408333877424223,0.00908363343010124,0.0067448342445617536,0.0019246180775957609,0.0018518138364309168,0.0,0.0,0.0,0.0,0.0,0.0,1.0084894043776935,0.614009879522421,0.5161397129074162,0.4286747783351466,0.14656402199433108,0.053593705787522004,0.03394536297112428,0.03278848637880491,0.03098295979585172,0.018930772032067708,0.006906357649818982,0.0,0.0,0.0,0.0,0.0,0.0,0.0,0.0,0.0,0.0,0.0,0.0,0.0,0.0,0.0,0.0,0.0,0.0,0.0,0.0,0.0,0.0,0.0,0.0,0.0,0.0,0.0,0.0,0.0,0.0,0.0,0.0,0.0,0.0,0.0,0.0,0.0,0.0
164,Ag,ch3ccooh,6.82805595,0.57160595,5.62443,1,1,2,3,2,1,6.0205567353775855,4.427895153378972,0.3662544403183694,3.6801514328684193,3.6797457863534238,3.6369134419369207,0.24683246787398275,0.11806619334610027,0.11801076425242002,0.11276083511510175,0.03287940690695459,0.032834432900218445,0.015513204313076246,0.009202893238068185,0.0063974928693433224,0.0,0.0,0.0,0.0,0.0,0.0,14.360952313357833,9.755206898244678,0.6174252877235564,0.5234441957889597,0.3441085430865421,0.04179789531675114,0.6707219440339399,0.6690949662583239,0.1327087132145046,0.12658084708206366,0.12535923252115327,0.1124082772352725,0.09752634391127732,0.0894438796164663,0.08925401863874018,0.07658076484190425,0.009516730393139008,0.00866369061704483,0.007202264600490664,0.006908010422508683,0.005680484145034866,0.0054553696764716155,0.00426721595076136,0.002803678421846329,0.0025155936363105568,0.0,0.0,0.0,0.0,0.0,0.0,0.0,0.0,0.0,0.0,0.0,0.0,0.0,0.0,0.0,0.0,0.0,0.0,0.0,0.0,0.0,0.0,0.0,0.0,0.0,0.0,0.0,0.0,0.0,0.0,0.0,0.0,0.0,0.0,0.0,0.0,0.0,0.0,0.0,0.0,0.0,0.0,0.0,0.0,0.0,0.0,0.0,0.0,0.0,0.0,0.0,0.0,0.0,8.876749599320481,0.15616079936406105,0.062299668675635876,0.062104344287537534,0.0064686855408891296,0.0034234393703170022,0.003404206504329257,0.0,0.0,0.0,0.0,0.0,1.1134995655791549,0.9183664124453113,0.08623679959465594,0.08577552134646263,0.05158641633753135,0.04897321283769943,0.011539541472532071,0.011096501506692554,0.005676705668394091,0.0,0.0,0.0,0.0,0.0,0.0,0.0,0.0,0.0,0.0,0.0,0.0,0.0,0.0,0.0,0.0,0.0,0.0,0.0,0.0,0.0,0.0,0.0,0.0,0.0,0.0,0.0,0.0,0.0,0.0,0.0,0.0,0.0,0.0,0.0,0.0,0.0,0.0,0.0,0.0
165,Ag,ch3ch,6.82805595,0.57160595,5.62443,1,0,1,4,0,0,4.629363414349131,0.0,0.0,3.7295336229563483,3.683672946224081,3.633870335368637,3.632066006928063,0.12993434665170225,0.12452411058821908,0.12435634550644292,0.11470628105616028,0.0,0.0,0.0,0.0,0.0,0.0,0.0,0.0,0.0,0.0,0.0,0.0,0.0,0.0,0.0,0.0,0.7720137320801763,0.7632479613492278,0.15552789244120108,0.0998834502485974,0.09288599046498172,0.0718305296237428,0.05489848195694546,0.012922938381737324,0.012254439408701743,0.006564524031292096,0.0013003574649202885,0.0,0.0,0.0,0.0,0.0,0.0,0.0,0.0,0.0,0.0,0.0,0.0,0.0,0.0,0.0,0.0,0.0,0.0,0.0,0.0,0.0,0.0,0.0,0.0,0.0,0.0,0.0,0.0,0.0,0.0,0.0,0.0,0.0,0.0,0.0,0.0,0.0,0.0,0.0,0.0,0.0,0.0,0.0,0.0,0.0,0.0,0.0,0.0,0.0,0.0,0.0,0.0,0.0,0.0,0.0,0.0,0.0,0.0,0.0,0.0,0.0,0.0,0.0,0.0,0.0,0.0,0.0,0.0,0.0,0.0,0.0,0.0,0.0,0.0,0.0,0.0,0.0,0.0,0.0,0.0,0.0,0.0,0.0,0.0,0.0,0.0,0.0,0.0,0.0,0.0,0.0,0.0,0.0,0.0,0.0,0.0,0.0,0.0,0.0,0.0,0.0,0.0,0.0,0.0,0.0,0.0,0.0,0.0,0.0,0.0,0.0,0.0,0.0,0.0,0.0,0.0,0.0,0.0,0.0,0.0,0.0,0.0
166,Ag,ch3ch2,6.82805595,0.57160595,5.62443,1,0,1,5,0,0,4.499178429141425,0.0,0.0,3.7971782729309775,3.796866906520748,3.7415271555110534,3.741352561392064,3.6041901927024735,0.1248150943407932,0.11718261143015225,0.11702064090106327,0.11614047649325765,0.1160973257361041,0.0,0.0,0.0,0.0,0.0,0.0,0.0,0.0,0.0,0.0,0.0,0.0,0.0,0.0,0.7302947301674674,0.11136203602901956,0.04468641567427131,0.03673563578941751,0.03524268903474581,0.022978499919397127,0.02196168841232886,0.016780265170916756,0.012047593911051785,0.0,0.0,0.0,0.0,0.0,0.0,0.0,0.0,0.0,0.0,0.0,0.0,0.0,0.0,0.0,0.0,0.0,0.0,0.0,0.0,0.0,0.0,0.0,0.0,0.0,0.0,0.0,0.0,0.0,0.0,0.0,0.0,0.0,0.0,0.0,0.0,0.0,0.0,0.0,0.0,0.0,0.0,0.0,0.0,0.0,0.0,0.0,0.0,0.0,0.0,0.0,0.0,0.0,0.0,0.0,0.0,0.0,0.0,0.0,0.0,0.0,0.0,0.0,0.0,0.0,0.0,0.0,0.0,0.0,0.0,0.0,0.0,0.0,0.0,0.0,0.0,0.0,0.0,0.0,0.0,0.0,0.0,0.0,0.0,0.0,0.0,0.0,0.0,0.0,0.0,0.0,0.0,0.0,0.0,0.0,0.0,0.0,0.0,0.0,0.0,0.0,0.0,0.0,0.0,0.0,0.0,0.0,0.0,0.0,0.0,0.0,0.0,0.0,0.0,0.0,0.0,0.0,0.0,0.0,0.0,0.0,0.0,0.0,0.0
167,Ag,ch3ch2co,6.82805595,0.57160595,5.62443,1,1,2,5,1,0,4.418778770121307,4.3400188324170825,0.30376117058349755,3.769669741210508,3.7695126822440814,3.7561596029940647,3.6633345429797264,3.6628766894135394,0.14193009030263382,0.14182271970779722,0.12440060854111172,0.1192263725995669,0.11919188219109247,0.11315303090114832,0.11307731637625584,0.02884773598965157,0.02882729100865205,0.008172654980642905,0.0,0.0,0.0,18.81594677700744,0.5660639690878871,0.22594262957621,0.0,0.0,0.0,0.7318470331485083,0.09690502894380608,0.03824708063861355,0.035007778564120684,0.033723600078536045,0.026599909587892,0.026135089285840008,0.01721540023132035,0.010755806183702407,0.0,0.0,0.0,0.0,0.0,0.0,0.0,0.0,0.0,0.0,0.0,0.0,0.0,0.0,0.0,0.0,0.0,0.0,0.0,0.0,0.0,0.0,0.0,0.0,0.0,0.0,0.0,0.0,0.0,0.0,0.0,0.0,0.0,0.0,0.0,0.0,0.0,0.0,0.0,0.0,0.0,0.0,0.0,0.0,0.0,0.0,0.0,0.0,0.0,0.0,0.0,0.0,0.0,0.0,0.0,0.0,0.0,0.0,0.0,0.0,0.0,0.0,0.0,0.03809066423471055,0.03805571212297862,0.02417371286322559,0.02412372815026665,0.0041357671398076015,0.0,0.0,0.0,0.0,0.0,0.0,0.0,0.0,0.1956457036315492,0.09779741264209008,0.038085515662661856,0.030503449260099763,0.0,0.0,0.0,0.0,0.0,0.0,0.0,0.0,0.0,0.0,0.0,0.0,0.0,0.0,0.0,0.0,0.0,0.0,0.0,0.0,0.0,0.0,0.0,0.0,0.0,0.0,0.0,0.0,0.0,0.0,0.0,0.0,0.0,0.0,0.0,0.0,0.0,0.0,0.0,0.0,0.0,0.0,0.0,0.0
168,Ag,ch3ch2coo,6.82805595,0.57160595,5.62443,0,2,2,5,2,0,4.367643942351354,4.292365147595369,0.2940241528028991,3.7667380576112683,3.7648467421126273,3.739231471181756,3.7063394882601424,3.6996667700191535,0.13664675845717136,0.1359847051480589,0.12246916698638233,0.11951371104092555,0.1194622006494679,0.1187740562020594,0.1183703080631835,0.028073165595608688,0.027874234620586018,0.007858908667264575,0.0,0.0,0.0,14.371496816486006,14.176045916526027,0.6104733197242538,0.5754494161962929,0.2582909328353565,0.04118184225350866,0.10768217601032462,0.1056643533904088,0.02738408190881897,0.02232324041571239,0.0,0.0,0.0,0.0,0.0,0.0,0.0,0.0,0.0,0.0,0.0,0.0,0.0,0.0,0.0,0.0,0.0,0.0,0.0,0.0,0.0,0.0,0.0,0.0,0.0,0.0,0.0,0.0,0.0,0.0,0.0,0.0,0.0,0.0,0.0,0.0,0.0,0.0,0.0,0.0,0.0,0.0,0.0,0.0,0.0,0.0,0.0,0.0,0.0,0.0,0.0,0.0,0.0,0.0,0.0,0.0,0.0,0.0,0.0,0.0,0.0,0.0,0.0,0.0,0.0,0.0,0.0,0.0,0.06374529820629159,0.061530805831766025,0.046170927148443085,0.04401357042849567,0.02387580397366816,0.023020541296785414,0.0048160079621271884,0.0030508737825700885,0.002970414646122044,0.0,0.0,0.0,1.0053401768792205,0.9147369900636604,0.8910323447943603,0.08512961213612998,0.08339742789426859,0.0591141814198454,0.05832562144258423,0.05018570399886607,0.05014257794582498,0.035812755384827234,0.03413633467395373,0.029605030189313437,0.027560242507189782,0.02253504695195073,0.0,0.0,0.0,0.0,0.0,0.0,0.0,0.0,0.0,0.0,0.0,0.0,0.0,0.0,0.0,0.0,0.0,0.0,0.0,0.0,0.0,0.0,0.0,0.0,0.0,0.0,0.0,0.0,0.0,0.0,0.0,0.0,0.0,0.0,0.0
169,Ag,ch3ch2cooh,6.82805595,0.57160595,5.62443,0,0,2,5,2,1,4.647942729826303,4.3569925860622485,0.29013043180752485,3.77267617841114,3.77177686147212,3.7541373657124115,3.6650861313704484,3.6638769232698167,0.2470192336684809,0.14626559199258088,0.14621054290041302,0.12549548308011205,0.11836512986559612,0.11832215817130386,0.11778862056136087,0.11776593350693465,0.026576313146196358,0.02655140481604952,0.013892522401305124,0.008054609563640236,0.004960220734101195,17.14839627435312,10.372120923436347,0.5752909566371994,0.5448515920995174,0.2734378797804853,0.039010662984161525,0.03995525273647417,0.03651912890574458,0.016248074960026934,0.0032066640078012056,0.0014780907546441226,0.000999604230050289,0.0,0.0,0.0,0.0,0.0,0.0,0.0,0.0,0.0,0.0,0.0,0.0,0.0,0.0,0.0,0.0,0.0,0.0,0.0,0.0,0.0,0.0,0.0,0.0,0.0,0.0,0.0,0.0,0.0,0.0,0.0,0.0,0.0,0.0,0.0,0.0,0.0,0.0,0.0,0.0,0.0,0.0,0.0,0.0,0.0,0.0,0.0,0.0,0.0,0.0,0.0,0.0,0.0,0.0,0.0,0.0,0.0,0.0,0.0,0.0,0.0,0.0,0.0,0.0,0.0,0.0,8.78691282407281,0.12695443627704767,0.05333266574194265,0.05314314799999924,0.04750069145109198,0.04737124439580855,0.022869395322831484,0.022802893883576543,0.005170103649994585,0.002901877132227764,0.0028879286396271612,0.0,1.066321958873683,0.3516518019592403,0.030680706895042636,0.02472880886658576,0.017453302951187185,0.013011409460754266,0.009800049982408384,0.0,0.0,0.0,0.0,0.0,0.0,0.0,0.0,0.0,0.0,0.0,0.0,0.0,0.0,0.0,0.0,0.0,0.0,0.0,0.0,0.0,0.0,0.0,0.0,0.0,0.0,0.0,0.0,0.0,0.0,0.0,0.0,0.0,0.0,0.0,0.0,0.0,0.0,0.0,0.0,0.0,0.0
170,Ag,ch3ch3,6.82805595,0.57160595,5.62443,0,0,1,6,0,0,4.329570750392806,0.0,0.0,3.7379074085889976,3.7361700046956927,3.7354458760142784,3.72781836603968,3.718055352900703,3.6928369564063703,0.11773444856682272,0.11764528202379812,0.117633774013138,0.117627453988669,0.11748791958250275,0.11745383661096445,0.0,0.0,0.0,0.0,0.0,0.0,0.0,0.0,0.0,0.0,0.0,0.0,0.01500526839343447,0.012490666419061998,0.0032718238677603147,0.0004481396495382671,0.0,0.0,0.0,0.0,0.0,0.0,0.0,0.0,0.0,0.0,0.0,0.0,0.0,0.0,0.0,0.0,0.0,0.0,0.0,0.0,0.0,0.0,0.0,0.0,0.0,0.0,0.0,0.0,0.0,0.0,0.0,0.0,0.0,0.0,0.0,0.0,0.0,0.0,0.0,0.0,0.0,0.0,0.0,0.0,0.0,0.0,0.0,0.0,0.0,0.0,0.0,0.0,0.0,0.0,0.0,0.0,0.0,0.0,0.0,0.0,0.0,0.0,0.0,0.0,0.0,0.0,0.0,0.0,0.0,0.0,0.0,0.0,0.0,0.0,0.0,0.0,0.0,0.0,0.0,0.0,0.0,0.0,0.0,0.0,0.0,0.0,0.0,0.0,0.0,0.0,0.0,0.0,0.0,0.0,0.0,0.0,0.0,0.0,0.0,0.0,0.0,0.0,0.0,0.0,0.0,0.0,0.0,0.0,0.0,0.0,0.0,0.0,0.0,0.0,0.0,0.0,0.0,0.0,0.0,0.0,0.0,0.0,0.0,0.0,0.0,0.0,0.0,0.0,0.0
171,Ag,ch3chco,6.82805595,0.57160595,5.62443,2,0,2,4,1,0,9.025285941535033,4.54032624838853,0.3525558124119495,3.8566463705667,3.782484290894355,3.725968823657112,3.7121951427585214,0.16569633033107498,0.1247552589090358,0.12300945333215782,0.12192804212457528,0.09643835075331028,0.042648145869102004,0.015774696177816808,0.013085883927042229,0.0,0.0,0.0,0.0,0.0,0.0,21.099097008831773,0.4689511250113232,0.05792372568528676,0.0,0.0,0.0,0.09030621165177327,0.05018210246491996,0.023967606009788298,0.01887234765194775,0.014378128734526485,0.00895871554641952,0.00870686013878303,0.005406343048143195,0.004920219767333863,0.003563577682966803,0.0022438965597367105,0.0013696291154104976,0.0,0.0,0.0,0.0,0.0,0.0,0.0,0.0,0.0,0.0,0.0,0.0,0.0,0.0,0.0,0.0,0.0,0.0,0.0,0.0,0.0,0.0,0.0,0.0,0.0,0.0,0.0,0.0,0.0,0.0,0.0,0.0,0.0,0.0,0.0,0.0,0.0,0.0,0.0,0.0,0.0,0.0,0.0,0.0,0.0,0.0,0.0,0.0,0.0,0.0,0.0,0.0,0.0,0.0,0.0,0.0,0.0,0.0,0.0,0.0,0.022330135608097768,0.011689691434907123,0.0017478992529136785,0.0008579135933911956,0.0,0.0,0.0,0.0,0.0,0.0,0.0,0.0,0.0,0.060111728254159086,0.014214762196697362,0.010008113742008351,0.0,0.0,0.0,0.0,0.0,0.0,0.0,0.0,0.0,0.0,0.0,0.0,0.0,0.0,0.0,0.0,0.0,0.0,0.0,0.0,0.0,0.0,0.0,0.0,0.0,0.0,0.0,0.0,0.0,0.0,0.0,0.0,0.0,0.0,0.0,0.0,0.0,0.0,0.0,0.0,0.0,0.0,0.0,0.0,0.0
172,Ag,ch3chcoo,6.82805595,0.57160595,5.62443,1,2,2,4,2,0,5.391809444031996,4.633305222849557,0.3055507030605191,3.844330480394095,3.7570716687524413,3.755181650990653,3.6320953341588234,0.12954290196049215,0.12649767494558925,0.12210682760016935,0.1216121452813302,0.11101663764558736,0.033160526597772966,0.02268625171337478,0.008507091180068049,0.0,0.0,0.0,0.0,0.0,0.0,13.58217553326829,12.031301420718613,0.5967515476444394,0.5849246835632306,0.2015384322856282,0.04060632476678591,0.5591000613794253,0.34834731598701074,0.19714361505506767,0.10955780803120016,0.0820795092396875,0.07822083635541506,0.04012934209544457,0.0390736244347092,0.03383904110815307,0.025893855171117818,0.023655247321270924,0.02354575700923,0.01388514063689085,0.006930192935592931,0.006322809964076949,0.000801897851899918,0.0,0.0,0.0,0.0,0.0,0.0,0.0,0.0,0.0,0.0,0.0,0.0,0.0,0.0,0.0,0.0,0.0,0.0,0.0,0.0,0.0,0.0,0.0,0.0,0.0,0.0,0.0,0.0,0.0,0.0,0.0,0.0,0.0,0.0,0.0,0.0,0.0,0.0,0.0,0.0,0.0,0.0,0.0,0.0,0.0,0.0,0.0,0.0,0.0,0.0,0.0,0.0,0.0,0.0,0.0,0.0,0.07106234545291103,0.0578883247967007,0.017272696083660524,0.016071690878591432,0.004134824142141559,0.003130599731926746,0.00276974400778639,0.0,0.0,0.0,0.0,0.0,1.039252703636784,0.7907836563117041,0.7209938216323816,0.6134237245764679,0.2461171247531313,0.1844930623169841,0.14814104919235194,0.050140853541033086,0.03329976506198254,0.02151050256535613,0.006849648511454306,0.005446991484675178,0.0019396224048933255,0.0014698795560776116,0.0004115772872053704,0.0,0.0,0.0,0.0,0.0,0.0,0.0,0.0,0.0,0.0,0.0,0.0,0.0,0.0,0.0,0.0,0.0,0.0,0.0,0.0,0.0,0.0,0.0,0.0,0.0,0.0,0.0,0.0,0.0,0.0,0.0,0.0,0.0,0.0
173,Ag,ch3chcooh,6.82805595,0.57160595,5.62443,1,0,2,4,2,1,5.791940330045991,4.477150619136372,0.31842168650808433,3.7844962783713076,3.7676905848085314,3.750717715715048,3.6539641587869816,0.24740787522362295,0.15053310202824738,0.12300263405477238,0.119580221045779,0.11842757873102648,0.11132368487016066,0.028324993349088626,0.027581216681916047,0.015316724588623104,0.008798774129626097,0.0050121206251709065,0.0,0.0,0.0,14.958873747800641,10.000904923033927,0.6171339572171918,0.5492286142670627,0.2724881500924774,0.039538652744895014,0.5769791007615046,0.14005299189602538,0.103069644891366,0.09312969182647406,0.04795101263904286,0.04117460182384758,0.026021048435356603,0.023765771155412733,0.012732065599104949,0.009908388440900156,0.005279018125043561,0.0,0.0,0.0,0.0,0.0,0.0,0.0,0.0,0.0,0.0,0.0,0.0,0.0,0.0,0.0,0.0,0.0,0.0,0.0,0.0,0.0,0.0,0.0,0.0,0.0,0.0,0.0,0.0,0.0,0.0,0.0,0.0,0.0,0.0,0.0,0.0,0.0,0.0,0.0,0.0,0.0,0.0,0.0,0.0,0.0,0.0,0.0,0.0,0.0,0.0,0.0,0.0,0.0,0.0,0.0,0.0,0.0,0.0,0.0,0.0,0.0,8.847869380809254,0.1412488838886677,0.05815957889191234,0.05596212965502794,0.037770577568463776,0.018550821849670385,0.005211893829925488,0.0032723700421447557,0.0025335950437202887,0.0,0.0,0.0,1.0724269609658224,0.6771340023510097,0.08202621556228888,0.026269278949618717,0.015143923243478732,0.005679108739208539,0.0,0.0,0.0,0.0,0.0,0.0,0.0,0.0,0.0,0.0,0.0,0.0,0.0,0.0,0.0,0.0,0.0,0.0,0.0,0.0,0.0,0.0,0.0,0.0,0.0,0.0,0.0,0.0,0.0,0.0,0.0,0.0,0.0,0.0,0.0,0.0,0.0,0.0,0.0,0.0,0.0,0.0,0.0
174,Ag,chch,6.82805595,0.57160595,5.62443,2,0,1,2,0,0,8.892162938839636,0.0,0.0,3.8277038219450814,3.8226274324929013,0.1225344381600542,0.12248289167835165,0.0,0.0,0.0,0.0,0.0,0.0,0.0,0.0,0.0,0.0,0.0,0.0,0.0,0.0,0.0,0.0,0.0,0.0,0.0,0.0,0.7593864806148034,0.7555912939776992,0.4345247398007313,0.4263498372026126,0.14859847941339974,0.14343001240752526,0.07500623945364822,0.07060616475508717,0.016614127825878587,0.015609497485607172,0.0051252317483171704,0.004195096137751582,0.0039230109468216074,0.0035293041218860885,0.0030076121048748967,0.0,0.0,0.0,0.0,0.0,0.0,0.0,0.0,0.0,0.0,0.0,0.0,0.0,0.0,0.0,0.0,0.0,0.0,0.0,0.0,0.0,0.0,0.0,0.0,0.0,0.0,0.0,0.0,0.0,0.0,0.0,0.0,0.0,0.0,0.0,0.0,0.0,0.0,0.0,0.0,0.0,0.0,0.0,0.0,0.0,0.0,0.0,0.0,0.0,0.0,0.0,0.0,0.0,0.0,0.0,0.0,0.0,0.0,0.0,0.0,0.0,0.0,0.0,0.0,0.0,0.0,0.0,0.0,0.0,0.0,0.0,0.0,0.0,0.0,0.0,0.0,0.0,0.0,0.0,0.0,0.0,0.0,0.0,0.0,0.0,0.0,0.0,0.0,0.0,0.0,0.0,0.0,0.0,0.0,0.0,0.0,0.0,0.0,0.0,0.0,0.0,0.0,0.0,0.0,0.0,0.0,0.0,0.0,0.0,0.0,0.0,0.0,0.0,0.0,0.0,0.0,0.0,0.0
175,Ag,chchco,6.82805595,0.57160595,5.62443,3,0,2,2,1,0,7.804537970897077,5.179996068170278,0.34285827275906994,3.7832645616765213,3.736290583855033,0.15990806078337633,0.1269448418843032,0.12553927487137712,0.009170979568259588,0.0,0.0,0.0,0.0,0.0,0.0,0.0,0.0,0.0,0.0,0.0,0.0,18.50330301269823,0.59626544934896,0.05134388044700255,0.0,0.0,0.0,0.7344943479847328,0.612653919720803,0.5861430377681025,0.1165549655235458,0.11365997794784685,0.10966529816439674,0.10787476726959702,0.07581314544213465,0.05786294958156346,0.053241705273221474,0.038640783316017134,0.03180509780606708,0.00745057893900233,0.0070403504930510565,0.005619026235342089,0.003939863259437345,0.0037727770237124428,0.002040267910453225,0.0015693702550712355,0.00024728643304112313,0.0,0.0,0.0,0.0,0.0,0.0,0.0,0.0,0.0,0.0,0.0,0.0,0.0,0.0,0.0,0.0,0.0,0.0,0.0,0.0,0.0,0.0,0.0,0.0,0.0,0.0,0.0,0.0,0.0,0.0,0.0,0.0,0.0,0.0,0.0,0.0,0.0,0.0,0.0,0.0,0.0,0.0,0.0,0.0,0.0,0.0,0.0,0.0,0.0,0.0,0.0,0.0,0.06356308670782146,0.0002965370931768225,0.0,0.0,0.0,0.0,0.0,0.0,0.0,0.0,0.0,0.0,0.0,0.19693353472570727,0.012195736117226904,0.006393816767013071,0.0,0.0,0.0,0.0,0.0,0.0,0.0,0.0,0.0,0.0,0.0,0.0,0.0,0.0,0.0,0.0,0.0,0.0,0.0,0.0,0.0,0.0,0.0,0.0,0.0,0.0,0.0,0.0,0.0,0.0,0.0,0.0,0.0,0.0,0.0,0.0,0.0,0.0,0.0,0.0,0.0,0.0,0.0,0.0,0.0
176,Ag,chchcooh,6.82805595,0.57160595,5.62443,2,0,2,2,2,1,7.6377538748776574,5.474046551914388,0.3300683459055284,3.799185663712929,3.723018457948805,0.244032313523898,0.17440692676660044,0.1325371433296114,0.13246477750567434,0.015690282858353215,0.009641666953208096,0.0004293622001600669,0.0,0.0,0.0,0.0,0.0,0.0,0.0,0.0,0.0,16.294724140455514,10.157912796976213,0.6691077456162777,0.5320234685973412,0.15063259970030315,0.04870153126434682,0.5987815342106022,0.5777885739905961,0.12308128494223294,0.08629930539414908,0.07834103751724297,0.07639334622807836,0.05737794123466729,0.030062627872484492,0.027229259760677117,0.02137078323572067,0.011300992851935976,0.003619302554820913,0.003576951778225829,0.0023004890409754172,0.0,0.0,0.0,0.0,0.0,0.0,0.0,0.0,0.0,0.0,0.0,0.0,0.0,0.0,0.0,0.0,0.0,0.0,0.0,0.0,0.0,0.0,0.0,0.0,0.0,0.0,0.0,0.0,0.0,0.0,0.0,0.0,0.0,0.0,0.0,0.0,0.0,0.0,0.0,0.0,0.0,0.0,0.0,0.0,0.0,0.0,0.0,0.0,0.0,0.0,0.0,0.0,0.0,0.0,0.0,0.0,0.0,0.0,8.835924854876875,0.13301216305608832,0.0972638805696278,0.015701626288107104,0.0024033051167273393,0.0008964425782718635,0.0,0.0,0.0,0.0,0.0,0.0,1.0789906224582295,0.7016357677150414,0.05422557942212312,0.0459470817647489,0.04296757000467615,0.036577935365517185,0.031909610861268575,0.0,0.0,0.0,0.0,0.0,0.0,0.0,0.0,0.0,0.0,0.0,0.0,0.0,0.0,0.0,0.0,0.0,0.0,0.0,0.0,0.0,0.0,0.0,0.0,0.0,0.0,0.0,0.0,0.0,0.0,0.0,0.0,0.0,0.0,0.0,0.0,0.0,0.0,0.0,0.0,0.0,0.0
177,Ag,co,6.82805595,0.57160595,5.62443,1,0,0,0,1,0,0.0,0.0,0.0,0.0,0.0,0.0,0.0,0.0,0.0,0.0,0.0,0.0,0.0,0.0,0.0,0.0,0.0,0.0,0.0,0.0,0.0,23.93155353038652,0.0,0.0,0.0,0.0,0.0,0.8767284786173346,0.03866407325097847,0.03812865857962569,0.03624118174477778,0.034966395560484385,0.03450291495203199,0.0,0.0,0.0,0.0,0.0,0.0,0.0,0.0,0.0,0.0,0.0,0.0,0.0,0.0,0.0,0.0,0.0,0.0,0.0,0.0,0.0,0.0,0.0,0.0,0.0,0.0,0.0,0.0,0.0,0.0,0.0,0.0,0.0,0.0,0.0,0.0,0.0,0.0,0.0,0.0,0.0,0.0,0.0,0.0,0.0,0.0,0.0,0.0,0.0,0.0,0.0,0.0,0.0,0.0,0.0,0.0,0.0,0.0,0.0,0.0,0.0,0.0,0.0,0.0,0.0,0.0,0.0,0.0,0.0,0.0,0.0,0.0,0.0,0.0,0.0,0.0,0.0,0.0,0.0,0.11101529302415153,0.0019791421943211283,0.0015869030892815932,0.0,0.0,0.0,0.0,0.0,0.0,0.0,0.0,0.0,0.0,0.0,0.0,0.0,0.0,0.0,0.0,0.0,0.0,0.0,0.0,0.0,0.0,0.0,0.0,0.0,0.0,0.0,0.0,0.0,0.0,0.0,0.0,0.0,0.0,0.0,0.0,0.0,0.0,0.0,0.0,0.0,0.0,0.0,0.0,0.0
178,Ag,co2,6.82805595,0.57160595,5.62443,0,0,0,0,2,0,0.0,0.0,0.0,0.0,0.0,0.0,0.0,0.0,0.0,0.0,0.0,0.0,0.0,0.0,0.0,0.0,0.0,0.0,0.0,0.0,0.0,21.332950535248003,21.33270002505317,0.0,0.0,0.0,0.0,0.017320801000965905,0.015152127165631128,0.0,0.0,0.0,0.0,0.0,0.0,0.0,0.0,0.0,0.0,0.0,0.0,0.0,0.0,0.0,0.0,0.0,0.0,0.0,0.0,0.0,0.0,0.0,0.0,0.0,0.0,0.0,0.0,0.0,0.0,0.0,0.0,0.0,0.0,0.0,0.0,0.0,0.0,0.0,0.0,0.0,0.0,0.0,0.0,0.0,0.0,0.0,0.0,0.0,0.0,0.0,0.0,0.0,0.0,0.0,0.0,0.0,0.0,0.0,0.0,0.0,0.0,0.0,0.0,0.0,0.0,0.0,0.0,0.0,0.0,0.0,0.0,0.0,0.0,0.0,0.0,0.0,0.0,0.0,0.0,0.0,0.0,0.8552692996929161,0.024944646601053184,0.024198793225486657,0.013423978354849913,0.013030281010394095,0.012281750028880382,0.0098761468008878,0.0,0.0,0.0,0.0,0.0,0.0,0.0,0.0,0.0,0.0,0.0,0.0,0.0,0.0,0.0,0.0,0.0,0.0,0.0,0.0,0.0,0.0,0.0,0.0,0.0,0.0,0.0,0.0,0.0,0.0,0.0,0.0,0.0,0.0,0.0,0.0,0.0,0.0,0.0,0.0,0.0,0.0
179,Ag,cooh,6.82805595,0.57160595,5.62443,1,0,0,0,2,1,0.0,0.0,0.0,0.23793311782019624,0.0,0.0,0.0,0.0,0.0,0.0,0.0,0.0,0.0,0.0,0.0,0.0,0.0,0.0,0.0,0.0,0.0,16.356451036008046,10.492409816304766,0.0,0.0,0.0,0.0,0.8277550488594039,0.13177300635622488,0.08718058783592124,0.05059345245012152,0.025184019081026517,0.00722112263554943,0.0,0.0,0.0,0.0,0.0,0.0,0.0,0.0,0.0,0.0,0.0,0.0,0.0,0.0,0.0,0.0,0.0,0.0,0.0,0.0,0.0,0.0,0.0,0.0,0.0,0.0,0.0,0.0,0.0,0.0,0.0,0.0,0.0,0.0,0.0,0.0,0.0,0.0,0.0,0.0,0.0,0.0,0.0,0.0,0.0,0.0,0.0,0.0,0.0,0.0,0.0,0.0,0.0,0.0,0.0,0.0,0.0,0.0,0.0,0.0,0.0,0.0,0.0,0.0,0.0,0.0,8.405741891655211,0.1301534133866569,0.0,0.0,0.0,0.0,0.0,0.0,0.0,0.0,0.0,0.0,1.0964758707446047,0.5075125298852052,0.1868614017994625,0.17688133558258354,0.08451522379264091,0.058198469157154764,0.02057786087969596,0.013806979229011656,0.013726375337127148,0.011980762809226022,0.0034043918954475665,0.0,0.0,0.0,0.0,0.0,0.0,0.0,0.0,0.0,0.0,0.0,0.0,0.0,0.0,0.0,0.0,0.0,0.0,0.0,0.0,0.0,0.0,0.0,0.0,0.0,0.0,0.0,0.0,0.0,0.0,0.0,0.0,0.0,0.0,0.0,0.0,0.0,0.0
180,Ag,h2o,6.82805595,0.57160595,5.62443,0,0,0,0,0,2,0.0,0.0,0.0,0.0,0.0,0.0,0.0,0.0,0.0,0.0,0.0,0.0,0.0,0.0,0.0,0.0,0.0,0.0,0.0,0.0,0.0,0.0,0.0,0.0,0.0,0.0,0.0,0.0,0.0,0.0,0.0,0.0,0.0,0.0,0.0,0.0,0.0,0.0,0.0,0.0,0.0,0.0,0.0,0.0,0.0,0.0,0.0,0.0,0.0,0.0,0.0,0.0,0.0,0.0,0.0,0.0,0.0,0.0,0.0,0.0,0.0,0.0,0.0,0.0,0.0,0.0,0.0,0.0,0.0,0.0,0.0,0.0,0.0,0.0,0.0,0.0,0.0,0.0,0.0,0.0,0.0,0.0,0.0,0.0,0.0,0.0,0.0,0.0,0.0,0.0,0.0,0.0,0.0,0.0,0.0,0.0,0.0,0.0,0.0,9.034290095430473,9.02482406437436,0.0,0.0,0.0,0.0,0.0,0.0,0.0,0.0,0.0,0.0,0.0,0.3709412156275086,0.03769676537878034,0.032679363243232014,0.026248338754662728,0.019649959497700542,0.01493681305526805,0.0,0.0,0.0,0.0,0.0,0.0,0.0,0.0,0.0,0.0,0.0,0.0,0.0,0.0,0.0,0.0,0.0,0.0,0.0,0.0,0.0,0.0,0.0,0.0,0.0,0.0,0.0,0.0,0.0,0.0,0.0,0.0,0.0,0.0,0.0,0.0,0.0,0.0,0.0,0.0,0.0,0.0
181,Ag,oh,6.82805595,0.57160595,5.62443,0,1,0,0,0,1,0.0,0.0,0.0,0.0,0.0,0.0,0.0,0.0,0.0,0.0,0.0,0.0,0.0,0.0,0.0,0.0,0.0,0.0,0.0,0.0,0.0,0.0,0.0,0.0,0.0,0.0,0.0,0.0,0.0,0.0,0.0,0.0,0.0,0.0,0.0,0.0,0.0,0.0,0.0,0.0,0.0,0.0,0.0,0.0,0.0,0.0,0.0,0.0,0.0,0.0,0.0,0.0,0.0,0.0,0.0,0.0,0.0,0.0,0.0,0.0,0.0,0.0,0.0,0.0,0.0,0.0,0.0,0.0,0.0,0.0,0.0,0.0,0.0,0.0,0.0,0.0,0.0,0.0,0.0,0.0,0.0,0.0,0.0,0.0,0.0,0.0,0.0,0.0,0.0,0.0,0.0,0.0,0.0,0.0,0.0,0.0,0.0,0.0,0.0,9.129796769670461,0.0,0.0,0.0,0.0,0.0,0.0,0.0,0.0,0.0,0.0,0.0,0.0,0.8480592323410683,0.8438772996077747,0.8429015389833246,0.0496825233698641,0.049671705691923064,0.046768806456559266,0.01670933335512374,0.016674736145327804,0.015659083427101195,0.0,0.0,0.0,0.0,0.0,0.0,0.0,0.0,0.0,0.0,0.0,0.0,0.0,0.0,0.0,0.0,0.0,0.0,0.0,0.0,0.0,0.0,0.0,0.0,0.0,0.0,0.0,0.0,0.0,0.0,0.0,0.0,0.0,0.0,0.0,0.0,0.0,0.0,0.0
182,Cu,ch2c,5.93481697,0.04321697,4.10581,2,0,1,2,0,0,8.149138934333331,0.0,0.0,3.805908279049879,3.805348910551036,0.1311358535539544,0.13110552117670424,0.0,0.0,0.0,0.0,0.0,0.0,0.0,0.0,0.0,0.0,0.0,0.0,0.0,0.0,0.0,0.0,0.0,0.0,0.0,0.0,1.0929529293512603,1.0919423148899077,1.0114770086340985,0.16892973730540614,0.10032486904449787,0.1002336432437098,0.0688397596079183,0.06635443041598954,0.06609280723733471,0.027875140273294442,0.027148491205397102,0.027144727803357915,0.019411221210063348,0.01926829737940606,0.009044789251999473,0.008986318500685403,0.00895661072053755,0.0052540677287123685,7.482027747957726e-05,6.952106856244686e-05,0.0,0.0,0.0,0.0,0.0,0.0,0.0,0.0,0.0,0.0,0.0,0.0,0.0,0.0,0.0,0.0,0.0,0.0,0.0,0.0,0.0,0.0,0.0,0.0,0.0,0.0,0.0,0.0,0.0,0.0,0.0,0.0,0.0,0.0,0.0,0.0,0.0,0.0,0.0,0.0,0.0,0.0,0.0,0.0,0.0,0.0,0.0,0.0,0.0,0.0,0.0,0.0,0.0,0.0,0.0,0.0,0.0,0.0,0.0,0.0,0.0,0.0,0.0,0.0,0.0,0.0,0.0,0.0,0.0,0.0,0.0,0.0,0.0,0.0,0.0,0.0,0.0,0.0,0.0,0.0,0.0,0.0,0.0,0.0,0.0,0.0,0.0,0.0,0.0,0.0,0.0,0.0,0.0,0.0,0.0,0.0,0.0,0.0,0.0,0.0,0.0,0.0,0.0,0.0,0.0,0.0,0.0,0.0,0.0,0.0,0.0,0.0,0.0
183,Cu,ch2ch,5.93481697,0.04321697,4.10581,2,0,1,3,0,0,7.7442297309057855,0.0,0.0,3.8341707819788704,3.7917383049233346,3.5486670040122537,0.1657339599457825,0.1284463549439114,0.1254824057755428,0.0,0.0,0.0,0.0,0.0,0.0,0.0,0.0,0.0,0.0,0.0,0.0,0.0,0.0,0.0,0.0,0.0,0.0,0.7590658685406946,0.7561744829009094,0.5354696606130576,0.1520366612818866,0.15121646985172482,0.05545829059477202,0.053178587261901854,0.046853204999357634,0.04677285935764381,0.03483490413089803,0.0265631425179152,0.007140959474467318,0.0070187099663471956,0.006730911929696017,0.006694787137491998,0.00572533870782015,0.003969834019711606,0.0039667128132785745,0.0004153840866412267,0.0004084663801096691,0.0002886483947173342,0.00020045452012302373,0.0,0.0,0.0,0.0,0.0,0.0,0.0,0.0,0.0,0.0,0.0,0.0,0.0,0.0,0.0,0.0,0.0,0.0,0.0,0.0,0.0,0.0,0.0,0.0,0.0,0.0,0.0,0.0,0.0,0.0,0.0,0.0,0.0,0.0,0.0,0.0,0.0,0.0,0.0,0.0,0.0,0.0,0.0,0.0,0.0,0.0,0.0,0.0,0.0,0.0,0.0,0.0,0.0,0.0,0.0,0.0,0.0,0.0,0.0,0.0,0.0,0.0,0.0,0.0,0.0,0.0,0.0,0.0,0.0,0.0,0.0,0.0,0.0,0.0,0.0,0.0,0.0,0.0,0.0,0.0,0.0,0.0,0.0,0.0,0.0,0.0,0.0,0.0,0.0,0.0,0.0,0.0,0.0,0.0,0.0,0.0,0.0,0.0,0.0,0.0,0.0,0.0,0.0,0.0,0.0,0.0,0.0,0.0,0.0,0.0,0.0
184,Cu,ch2ch2,5.93481697,0.04321697,4.10581,2,0,1,4,0,0,7.350485246535455,0.0,0.0,3.8842147430745935,3.884150108882879,3.8833281508998483,3.882539878887056,0.1274939623159195,0.12749068650778134,0.12748518872207568,0.12746190320241454,0.0,0.0,0.0,0.0,0.0,0.0,0.0,0.0,0.0,0.0,0.0,0.0,0.0,0.0,0.0,0.0,0.5222343943952366,0.5214634831825109,0.08790853616097152,0.08707305280783564,0.08628531833536912,0.08536462959800452,0.03549374897602508,0.03433290797259174,0.01383203561282212,0.0137083068425699,0.013685354781945576,0.013450796944661694,0.0007307683604177753,0.0,0.0,0.0,0.0,0.0,0.0,0.0,0.0,0.0,0.0,0.0,0.0,0.0,0.0,0.0,0.0,0.0,0.0,0.0,0.0,0.0,0.0,0.0,0.0,0.0,0.0,0.0,0.0,0.0,0.0,0.0,0.0,0.0,0.0,0.0,0.0,0.0,0.0,0.0,0.0,0.0,0.0,0.0,0.0,0.0,0.0,0.0,0.0,0.0,0.0,0.0,0.0,0.0,0.0,0.0,0.0,0.0,0.0,0.0,0.0,0.0,0.0,0.0,0.0,0.0,0.0,0.0,0.0,0.0,0.0,0.0,0.0,0.0,0.0,0.0,0.0,0.0,0.0,0.0,0.0,0.0,0.0,0.0,0.0,0.0,0.0,0.0,0.0,0.0,0.0,0.0,0.0,0.0,0.0,0.0,0.0,0.0,0.0,0.0,0.0,0.0,0.0,0.0,0.0,0.0,0.0,0.0,0.0,0.0,0.0,0.0,0.0,0.0,0.0,0.0,0.0,0.0,0.0,0.0,0.0
185,Cu,ch2chco,5.93481697,0.04321697,4.10581,3,1,2,3,1,0,8.344869095650541,5.237288543161258,0.3645019300144121,3.899928013870391,3.803550443763167,3.8032533347551882,0.1364516324540505,0.13536165556685928,0.1352902083512302,0.12141585612291553,0.0358520336218964,0.008601401439723176,0.0,0.0,0.0,0.0,0.0,0.0,0.0,0.0,0.0,14.833505061850516,0.6769085369725316,0.05646425593084936,0.0,0.0,0.0,1.0709531989134082,0.19753778957753584,0.09896329577741587,0.09389260519288392,0.046251063461812264,0.03769529912770992,0.0374360284663548,0.036251393275996684,0.02137750667010204,0.013148000487047165,0.01179611929340437,0.009706733892096458,0.008939897092774478,0.008806432788053369,0.008598283744536634,0.008595934704599267,0.0073773601090664125,0.003402540913384766,0.0,0.0,0.0,0.0,0.0,0.0,0.0,0.0,0.0,0.0,0.0,0.0,0.0,0.0,0.0,0.0,0.0,0.0,0.0,0.0,0.0,0.0,0.0,0.0,0.0,0.0,0.0,0.0,0.0,0.0,0.0,0.0,0.0,0.0,0.0,0.0,0.0,0.0,0.0,0.0,0.0,0.0,0.0,0.0,0.0,0.0,0.0,0.0,0.0,0.0,0.0,0.0,0.0,0.0,0.07799501337889482,0.003701242754265519,0.0002394337384589024,0.0,0.0,0.0,0.0,0.0,0.0,0.0,0.0,0.0,0.0,1.0885696293646274,0.2500895694818628,0.11775610545536655,0.009961562475647712,0.0031294750576400907,0.001976227223243161,0.0017668994092303637,0.0,0.0,0.0,0.0,0.0,0.0,0.0,0.0,0.0,0.0,0.0,0.0,0.0,0.0,0.0,0.0,0.0,0.0,0.0,0.0,0.0,0.0,0.0,0.0,0.0,0.0,0.0,0.0,0.0,0.0,0.0,0.0,0.0,0.0,0.0,0.0,0.0,0.0,0.0,0.0,0.0
186,Cu,ch2chcooh,5.93481697,0.04321697,4.10581,2,0,2,3,2,1,8.399354431460958,5.179157296362645,0.3855113216484263,3.9142482601322883,3.8978591665611537,3.8868793907004897,0.22590672379594795,0.1389995130451964,0.13784624325778055,0.13390113130582126,0.11744371922223265,0.03981080895723579,0.01420919804983236,0.008979715621236492,0.0005647462705735636,0.0,0.0,0.0,0.0,0.0,0.0,16.063652498985704,11.237118820207405,0.6573457450137411,0.5847747811610438,0.2256821357297297,0.054919239171374215,0.0942243511466988,0.019766586250383626,0.01793796370185803,0.009223393570697406,0.0012364953844244445,0.0005235012808148183,0.000499287754803495,0.0,0.0,0.0,0.0,0.0,0.0,0.0,0.0,0.0,0.0,0.0,0.0,0.0,0.0,0.0,0.0,0.0,0.0,0.0,0.0,0.0,0.0,0.0,0.0,0.0,0.0,0.0,0.0,0.0,0.0,0.0,0.0,0.0,0.0,0.0,0.0,0.0,0.0,0.0,0.0,0.0,0.0,0.0,0.0,0.0,0.0,0.0,0.0,0.0,0.0,0.0,0.0,0.0,0.0,0.0,0.0,0.0,0.0,0.0,0.0,0.0,0.0,0.0,0.0,0.0,7.810545077885633,0.10325158815369062,0.08038537017309147,0.06572307666750495,0.015495104518181022,0.004022487756167425,0.0036003830882931228,0.0002108351671517537,0.0,0.0,0.0,0.0,1.008613018020856,0.9663653185149752,0.0923229067169904,0.08573315699472846,0.07503315028256975,0.07286948764930985,0.06875309226907372,0.06384216069427763,0.0460676956018011,0.042968699652470986,0.017612170610463624,0.001991692950766632,0.0008360487424960671,0.0,0.0,0.0,0.0,0.0,0.0,0.0,0.0,0.0,0.0,0.0,0.0,0.0,0.0,0.0,0.0,0.0,0.0,0.0,0.0,0.0,0.0,0.0,0.0,0.0,0.0,0.0,0.0,0.0,0.0,0.0,0.0,0.0,0.0,0.0,0.0
187,Cu,ch3c,5.93481697,0.04321697,4.10581,1,0,1,3,0,0,4.8649384342025295,0.0,0.0,3.6941071336146583,3.6924501731284063,3.692248814919649,0.1263592319539479,0.12632256946483705,0.12631364495994996,0.0,0.0,0.0,0.0,0.0,0.0,0.0,0.0,0.0,0.0,0.0,0.0,0.0,0.0,0.0,0.0,0.0,0.0,1.178563217104086,1.168481207867326,1.1679510408972518,0.09769906523255596,0.09665858791357862,0.09648169663581337,0.07178106596102171,0.07168783517927782,0.07122649586769994,0.029632143295127374,0.02960908854350468,0.029469238401491262,0.011107136104215862,0.011085841224658765,0.010637819962223304,0.009208591623461902,0.008796978464278092,0.00878548658707592,0.0006059890900492401,0.0005443357616473564,0.0005311213164949091,0.0,0.0,0.0,0.0,0.0,0.0,0.0,0.0,0.0,0.0,0.0,0.0,0.0,0.0,0.0,0.0,0.0,0.0,0.0,0.0,0.0,0.0,0.0,0.0,0.0,0.0,0.0,0.0,0.0,0.0,0.0,0.0,0.0,0.0,0.0,0.0,0.0,0.0,0.0,0.0,0.0,0.0,0.0,0.0,0.0,0.0,0.0,0.0,0.0,0.0,0.0,0.0,0.0,0.0,0.0,0.0,0.0,0.0,0.0,0.0,0.0,0.0,0.0,0.0,0.0,0.0,0.0,0.0,0.0,0.0,0.0,0.0,0.0,0.0,0.0,0.0,0.0,0.0,0.0,0.0,0.0,0.0,0.0,0.0,0.0,0.0,0.0,0.0,0.0,0.0,0.0,0.0,0.0,0.0,0.0,0.0,0.0,0.0,0.0,0.0,0.0,0.0,0.0,0.0,0.0,0.0,0.0,0.0,0.0,0.0,0.0,0.0
188,Cu,ch3cco,5.93481697,0.04321697,4.10581,2,0,2,3,1,0,8.684204323794392,4.191294842898549,0.3972101645100837,3.7307420246801968,3.729636931742876,3.65979661958686,0.11591575584409848,0.11584993884005185,0.11466601048384363,0.03380450391495593,0.0331825805676285,0.010643195635798065,0.0,0.0,0.0,0.0,0.0,0.0,0.0,0.0,0.0,20.626732268954367,0.4541429074181935,0.07002579022234864,0.0,0.0,0.0,0.7864558998073045,0.7849958551057465,0.18247454768309998,0.1788222701852228,0.1597094053661926,0.12447236361674192,0.07928688164854218,0.07921432592292188,0.02361437248960943,0.018373807334828324,0.014378216054142141,0.009508085193360914,0.005370183550500693,0.004260459451341948,0.004204854550837868,0.0034110061680681786,0.0033861251257102307,0.0003593092235752507,0.0,0.0,0.0,0.0,0.0,0.0,0.0,0.0,0.0,0.0,0.0,0.0,0.0,0.0,0.0,0.0,0.0,0.0,0.0,0.0,0.0,0.0,0.0,0.0,0.0,0.0,0.0,0.0,0.0,0.0,0.0,0.0,0.0,0.0,0.0,0.0,0.0,0.0,0.0,0.0,0.0,0.0,0.0,0.0,0.0,0.0,0.0,0.0,0.0,0.0,0.0,0.0,0.0,0.0,0.008783835876467135,0.00852916032563779,0.00013991668092020338,0.0,0.0,0.0,0.0,0.0,0.0,0.0,0.0,0.0,0.0,0.03925440851980669,0.038032302129840385,0.0,0.0,0.0,0.0,0.0,0.0,0.0,0.0,0.0,0.0,0.0,0.0,0.0,0.0,0.0,0.0,0.0,0.0,0.0,0.0,0.0,0.0,0.0,0.0,0.0,0.0,0.0,0.0,0.0,0.0,0.0,0.0,0.0,0.0,0.0,0.0,0.0,0.0,0.0,0.0,0.0,0.0,0.0,0.0,0.0,0.0
189,Cu,ch3ccoo,5.93481697,0.04321697,4.10581,1,1,2,3,2,0,4.80931651661496,4.39550156907086,0.3649725676176615,3.7290773363837095,3.6794071714991343,3.6073024022700464,0.12536174572520267,0.11906956439129746,0.1078979878297569,0.042647515563293145,0.030368314194721517,0.008728558780426474,0.0,0.0,0.0,0.0,0.0,0.0,0.0,0.0,0.0,17.59200792749762,9.214814653306604,0.5676887386658023,0.5291208622151641,0.2773063549488895,0.038645374409780886,0.9708876230103882,0.7021899711699084,0.4741464682478236,0.3401402037608345,0.2175214996708879,0.1336132634656671,0.1182068735233816,0.09728644684944476,0.07412161653186516,0.059950727618157965,0.04897331088602202,0.03185905946410112,0.018786292209324058,0.013223723088907109,0.011499992065493287,0.011478350722740305,0.009972010787198471,0.007745832682030614,0.004492077022334815,0.0021763722034234267,0.0,0.0,0.0,0.0,0.0,0.0,0.0,0.0,0.0,0.0,0.0,0.0,0.0,0.0,0.0,0.0,0.0,0.0,0.0,0.0,0.0,0.0,0.0,0.0,0.0,0.0,0.0,0.0,0.0,0.0,0.0,0.0,0.0,0.0,0.0,0.0,0.0,0.0,0.0,0.0,0.0,0.0,0.0,0.0,0.0,0.0,0.0,0.0,0.0,0.0,0.0,0.0,0.06825678403792831,0.03819942879249047,0.005123468352033478,0.0038125740424817256,0.002360599852384059,0.0,0.0,0.0,0.0,0.0,0.0,0.0,1.041246101714962,1.3585092177802036,1.0376986340415335,0.7224969382442485,0.10420967507361012,0.10363137126978546,0.051169187451763916,0.03593046625862402,0.03325973830733552,0.026579694678914717,0.02132192891663701,0.017992791199740298,0.016941605759904572,0.01536790890807194,0.013762233276903641,0.008918918647605422,0.0015015780352017475,0.0,0.0,0.0,0.0,0.0,0.0,0.0,0.0,0.0,0.0,0.0,0.0,0.0,0.0,0.0,0.0,0.0,0.0,0.0,0.0,0.0,0.0,0.0,0.0,0.0,0.0,0.0,0.0,0.0,0.0,0.0,0.0
190,Cu,ch3ccooh,5.93481697,0.04321697,4.10581,1,1,2,3,2,1,6.056327172856294,4.3316038717263154,0.3730038134812057,3.7004806853013688,3.6994161844890874,3.5419003087722434,0.24694474692265064,0.11688664053715506,0.11676491597716065,0.10851577364308533,0.033453585843916056,0.033433061527126405,0.015231685899061704,0.009140590827417954,0.006280986879137308,0.0,0.0,0.0,0.0,0.0,0.0,13.812927887997839,10.138913160113237,0.6055353123613142,0.5329594348507423,0.3382328012744051,0.04206811390829925,0.8780906948740608,0.8762149638020188,0.2154787149729168,0.182344879787862,0.17714108534418171,0.159311994976184,0.15690864234430552,0.10020188535904796,0.0887003896034898,0.08857726325177995,0.028159215220041868,0.027990384158440008,0.023936892356039588,0.023744762940429532,0.02299634063658221,0.02208173123607006,0.01903951840087101,0.014260727517765547,0.014158041782891257,0.010570235069815654,0.00774604290237741,0.007708254609640734,0.0071338456078603564,0.007102185926827109,0.006304968713950622,7.046162921351892e-05,0.0,0.0,0.0,0.0,0.0,0.0,0.0,0.0,0.0,0.0,0.0,0.0,0.0,0.0,0.0,0.0,0.0,0.0,0.0,0.0,0.0,0.0,0.0,0.0,0.0,0.0,0.0,0.0,0.0,0.0,0.0,0.0,0.0,0.0,0.0,0.0,0.0,0.0,0.0,0.0,0.0,0.0,0.0,0.0,0.0,0.0,8.870976135923723,0.1531727709458633,0.060827834881408326,0.060214105334116114,0.00625736981254749,0.0034292356389919445,0.003411091915166633,0.0,0.0,0.0,0.0,0.0,1.1136172205362935,1.3803541825997074,0.11330718165560773,0.1121767019296873,0.0880124464681118,0.08518405905074336,0.019029018801382653,0.018310601786640103,0.015682989049290358,0.006758989208395568,0.0043804080514512865,0.0041879632838222975,0.0,0.0,0.0,0.0,0.0,0.0,0.0,0.0,0.0,0.0,0.0,0.0,0.0,0.0,0.0,0.0,0.0,0.0,0.0,0.0,0.0,0.0,0.0,0.0,0.0,0.0,0.0,0.0,0.0,0.0,0.0,0.0,0.0,0.0,0.0,0.0,0.0
191,Cu,ch3ch,5.93481697,0.04321697,4.10581,1,0,1,4,0,0,4.415794826869753,0.0,0.0,3.7548326714699134,3.6632950222382825,3.661950985889359,3.2547438994991964,0.14373656286549424,0.1215361164163767,0.12131399879776683,0.11487210629765975,0.0,0.0,0.0,0.0,0.0,0.0,0.0,0.0,0.0,0.0,0.0,0.0,0.0,0.0,0.0,0.0,0.9526393754838316,0.945316154012517,0.6939554462020637,0.12021578179096687,0.11636883465447632,0.06319903203518859,0.05583939644165093,0.055321907271062634,0.04012972693132021,0.03355884374768043,0.02138582096580471,0.01909301097856761,0.018891670814609844,0.008437730627015812,0.0083885095194955,0.0075880893777940705,0.003694657506191409,0.003019781280304716,0.00047969734686432325,0.0,0.0,0.0,0.0,0.0,0.0,0.0,0.0,0.0,0.0,0.0,0.0,0.0,0.0,0.0,0.0,0.0,0.0,0.0,0.0,0.0,0.0,0.0,0.0,0.0,0.0,0.0,0.0,0.0,0.0,0.0,0.0,0.0,0.0,0.0,0.0,0.0,0.0,0.0,0.0,0.0,0.0,0.0,0.0,0.0,0.0,0.0,0.0,0.0,0.0,0.0,0.0,0.0,0.0,0.0,0.0,0.0,0.0,0.0,0.0,0.0,0.0,0.0,0.0,0.0,0.0,0.0,0.0,0.0,0.0,0.0,0.0,0.0,0.0,0.0,0.0,0.0,0.0,0.0,0.0,0.0,0.0,0.0,0.0,0.0,0.0,0.0,0.0,0.0,0.0,0.0,0.0,0.0,0.0,0.0,0.0,0.0,0.0,0.0,0.0,0.0,0.0,0.0,0.0,0.0,0.0,0.0,0.0,0.0,0.0,0.0,0.0,0.0,0.0
192,Cu,ch3ch2,5.93481697,0.04321697,4.10581,1,0,1,5,0,0,4.3654801283452676,0.0,0.0,3.745042934149114,3.7445737695043815,3.73466498781884,3.7314723804751497,3.622923293480643,0.12286580743694835,0.11839993269058585,0.11809691986955645,0.11524648332059102,0.11515297709499266,0.0,0.0,0.0,0.0,0.0,0.0,0.0,0.0,0.0,0.0,0.0,0.0,0.0,0.0,0.9103058083702428,0.1242917371464846,0.08144949379474167,0.07813974801194909,0.05226832305260059,0.048897569791868135,0.013806292657385269,0.008323069837676604,0.0013301217820488875,0.0,0.0,0.0,0.0,0.0,0.0,0.0,0.0,0.0,0.0,0.0,0.0,0.0,0.0,0.0,0.0,0.0,0.0,0.0,0.0,0.0,0.0,0.0,0.0,0.0,0.0,0.0,0.0,0.0,0.0,0.0,0.0,0.0,0.0,0.0,0.0,0.0,0.0,0.0,0.0,0.0,0.0,0.0,0.0,0.0,0.0,0.0,0.0,0.0,0.0,0.0,0.0,0.0,0.0,0.0,0.0,0.0,0.0,0.0,0.0,0.0,0.0,0.0,0.0,0.0,0.0,0.0,0.0,0.0,0.0,0.0,0.0,0.0,0.0,0.0,0.0,0.0,0.0,0.0,0.0,0.0,0.0,0.0,0.0,0.0,0.0,0.0,0.0,0.0,0.0,0.0,0.0,0.0,0.0,0.0,0.0,0.0,0.0,0.0,0.0,0.0,0.0,0.0,0.0,0.0,0.0,0.0,0.0,0.0,0.0,0.0,0.0,0.0,0.0,0.0,0.0,0.0,0.0,0.0,0.0,0.0,0.0,0.0,0.0
193,Cu,ch3ch2co,5.93481697,0.04321697,4.10581,1,1,2,5,1,0,4.549178209919355,4.336687562623423,0.29962037648343365,3.767531160612856,3.7669029920055057,3.758181257163065,3.6554483949681824,3.6538833409681515,0.14396930164682156,0.1436669650949301,0.1234995426845655,0.11896851311298988,0.11896524720611355,0.1142541041305142,0.114247899840921,0.02820044387198615,0.02810643834670987,0.008119418392054042,0.0,0.0,0.0,15.914034860029876,0.5880685452815846,0.24626080016403354,0.0,0.0,0.0,1.0760706590434412,0.2021553119540436,0.10500575805688944,0.1042141708526984,0.09452297527073417,0.04053009544314335,0.03731243534000603,0.014694562910138724,0.012226529708820351,0.009602177615294808,0.008155434338882148,0.006856122807693991,0.0061950879008968104,0.0037379697782936,0.002797334715238037,0.0020109644819236647,0.0014141938090795616,0.0,0.0,0.0,0.0,0.0,0.0,0.0,0.0,0.0,0.0,0.0,0.0,0.0,0.0,0.0,0.0,0.0,0.0,0.0,0.0,0.0,0.0,0.0,0.0,0.0,0.0,0.0,0.0,0.0,0.0,0.0,0.0,0.0,0.0,0.0,0.0,0.0,0.0,0.0,0.0,0.0,0.0,0.0,0.0,0.0,0.0,0.0,0.0,0.0,0.0,0.0,0.0,0.0,0.0,0.0,0.04196424738924831,0.04184789618465047,0.02418814867355265,0.02417035918306424,0.004592978808693036,0.0,0.0,0.0,0.0,0.0,0.0,0.0,0.0,0.8987873102148589,0.2363019058512115,0.11154269040698596,0.1047173662873346,0.04206367716612498,0.039785802140818435,0.025641103287858163,0.0068274401893884465,0.001952450367395775,0.0014576506077721187,0.0007646169683422527,0.0,0.0,0.0,0.0,0.0,0.0,0.0,0.0,0.0,0.0,0.0,0.0,0.0,0.0,0.0,0.0,0.0,0.0,0.0,0.0,0.0,0.0,0.0,0.0,0.0,0.0,0.0,0.0,0.0,0.0,0.0,0.0,0.0,0.0,0.0,0.0,0.0
194,Cu,ch3ch2coo,5.93481697,0.04321697,4.10581,0,2,2,5,2,0,4.431903057225814,4.3625887544920205,0.2997229029842457,3.768796629855379,3.767102770499667,3.747732096641896,3.700660158715013,3.6932169973958096,0.13928560400728646,0.13850735646080375,0.12304499632069202,0.119356404040973,0.1193458814100359,0.11831800664690095,0.11796061914728873,0.02843823566216549,0.02827402417874447,0.008041613659978962,0.0,0.0,0.0,14.192291890600313,14.001201671327973,0.6026552841459786,0.571373029276995,0.25587839109221344,0.040945957096014715,0.1436808737748727,0.14349887252648916,0.039945247997572784,0.038997983828477384,0.004812214158898459,0.0042963443827532906,0.002824623805459548,0.002819623690291182,0.0024767631848997647,0.002447635934669057,0.0,0.0,0.0,0.0,0.0,0.0,0.0,0.0,0.0,0.0,0.0,0.0,0.0,0.0,0.0,0.0,0.0,0.0,0.0,0.0,0.0,0.0,0.0,0.0,0.0,0.0,0.0,0.0,0.0,0.0,0.0,0.0,0.0,0.0,0.0,0.0,0.0,0.0,0.0,0.0,0.0,0.0,0.0,0.0,0.0,0.0,0.0,0.0,0.0,0.0,0.0,0.0,0.0,0.0,0.0,0.0,0.0,0.0,0.0,0.0,0.0,0.0,0.06284306277874148,0.06035036604188498,0.04571864827963379,0.04339788183109522,0.023805351498779936,0.02281614721000897,0.0047713216270314105,0.003053595608250038,0.002951017337387154,0.0,0.0,0.0,1.030922599652818,1.3530299777622756,1.3287697549008888,0.1164998030200538,0.1158240627852278,0.08414683169330042,0.08261438795859469,0.0822460736846698,0.0821498959740628,0.06980153350871635,0.06818703365801344,0.0675277106688768,0.06734177852631575,0.06334983080423746,0.004522868157240245,0.004245107717287386,0.002188444260922684,0.002077466333525665,0.0011868326183398466,0.0009353713874434287,0.0,0.0,0.0,0.0,0.0,0.0,0.0,0.0,0.0,0.0,0.0,0.0,0.0,0.0,0.0,0.0,0.0,0.0,0.0,0.0,0.0,0.0,0.0,0.0,0.0,0.0,0.0,0.0,0.0
195,Cu,ch3ch2cooh,5.93481697,0.04321697,4.10581,0,0,2,5,2,1,4.604943297037272,4.3403258994944265,0.29498849473719,3.7797530583567585,3.767312459662637,3.7637911471832872,3.719082328354012,3.6719903212789937,0.22768896198900745,0.14675029321784194,0.14413786915657198,0.1240923762423414,0.11891194770667132,0.11858392537127282,0.1183644043284679,0.1165389045857504,0.02745490859417889,0.02718626143770995,0.012907052418444049,0.008082040316013204,0.004625565149787704,16.23022039074744,11.48309630490874,0.5837978730181106,0.5773307507691339,0.27039665903214755,0.04085253613570327,0.09327718801078563,0.01962944611192553,0.01780615074012805,0.008634363260704693,0.006656532637979079,0.0011056421589188993,5.163678868574939e-05,0.0,0.0,0.0,0.0,0.0,0.0,0.0,0.0,0.0,0.0,0.0,0.0,0.0,0.0,0.0,0.0,0.0,0.0,0.0,0.0,0.0,0.0,0.0,0.0,0.0,0.0,0.0,0.0,0.0,0.0,0.0,0.0,0.0,0.0,0.0,0.0,0.0,0.0,0.0,0.0,0.0,0.0,0.0,0.0,0.0,0.0,0.0,0.0,0.0,0.0,0.0,0.0,0.0,0.0,0.0,0.0,0.0,0.0,0.0,0.0,0.0,0.0,0.0,0.0,0.0,7.743361269411746,0.10499027814377347,0.06450483155209481,0.054363514335887785,0.05088553986124741,0.04020319495650773,0.027056033960062162,0.020741844142145676,0.005148307461605165,0.003408064042598625,0.002730856126086411,0.0,1.0283241748704397,0.9367229978531634,0.08820365979763845,0.0781565625577765,0.07102610238619547,0.06478818179763329,0.0624839354123297,0.0613403880119491,0.04414320047378557,0.043414019426247535,0.017489517228058752,0.0025528294356003296,0.0005985591506871869,0.0004925293390768762,0.0,0.0,0.0,0.0,0.0,0.0,0.0,0.0,0.0,0.0,0.0,0.0,0.0,0.0,0.0,0.0,0.0,0.0,0.0,0.0,0.0,0.0,0.0,0.0,0.0,0.0,0.0,0.0,0.0,0.0,0.0,0.0,0.0,0.0,0.0
196,Cu,ch3ch3,5.93481697,0.04321697,4.10581,0,0,1,6,0,0,4.324483149764153,0.0,0.0,3.737145796090749,3.7362911060786144,3.7354048206044976,3.729597892656791,3.723442884209513,3.699008557395031,0.1176788172050496,0.11766007269792195,0.1176052899877857,0.117586261362486,0.11747400758796835,0.11739272341427455,0.0,0.0,0.0,0.0,0.0,0.0,0.0,0.0,0.0,0.0,0.0,0.0,0.010941125266054359,0.00892508251978415,0.0034342659669012424,0.0008475072727419307,0.0,0.0,0.0,0.0,0.0,0.0,0.0,0.0,0.0,0.0,0.0,0.0,0.0,0.0,0.0,0.0,0.0,0.0,0.0,0.0,0.0,0.0,0.0,0.0,0.0,0.0,0.0,0.0,0.0,0.0,0.0,0.0,0.0,0.0,0.0,0.0,0.0,0.0,0.0,0.0,0.0,0.0,0.0,0.0,0.0,0.0,0.0,0.0,0.0,0.0,0.0,0.0,0.0,0.0,0.0,0.0,0.0,0.0,0.0,0.0,0.0,0.0,0.0,0.0,0.0,0.0,0.0,0.0,0.0,0.0,0.0,0.0,0.0,0.0,0.0,0.0,0.0,0.0,0.0,0.0,0.0,0.0,0.0,0.0,0.0,0.0,0.0,0.0,0.0,0.0,0.0,0.0,0.0,0.0,0.0,0.0,0.0,0.0,0.0,0.0,0.0,0.0,0.0,0.0,0.0,0.0,0.0,0.0,0.0,0.0,0.0,0.0,0.0,0.0,0.0,0.0,0.0,0.0,0.0,0.0,0.0,0.0,0.0,0.0,0.0,0.0,0.0,0.0,0.0
197,Cu,ch3chco,5.93481697,0.04321697,4.10581,2,0,2,4,1,0,6.689071159832536,4.659920149117974,0.3137309955603781,3.817409474813824,3.7741763788132996,3.7548635455610935,3.6742527446137183,0.13439603171666115,0.12594228231063975,0.12577374641886122,0.12439024873910275,0.10552192695815002,0.036258621529857815,0.01874579877936291,0.00979168602175801,0.0,0.0,0.0,0.0,0.0,0.0,13.113054170154117,0.5889905409933243,0.18311821781805232,0.0,0.0,0.0,0.925056800311492,0.6885371611939517,0.4738290111856242,0.3042601913077375,0.10336534953892834,0.09744176777399584,0.07870830646872704,0.05636325693674,0.04683665624978558,0.04046977697722857,0.031012328749049713,0.02877537533518275,0.018120860684954887,0.014320791028954656,0.012212106757990778,0.012075718677322813,0.011146196390752629,0.009436548906040152,0.009081001705429316,0.005955330985488509,0.003731761055528922,0.0014321981062349887,0.0006599943194487666,0.0005684096791058434,0.00025011011125828167,0.0,0.0,0.0,0.0,0.0,0.0,0.0,0.0,0.0,0.0,0.0,0.0,0.0,0.0,0.0,0.0,0.0,0.0,0.0,0.0,0.0,0.0,0.0,0.0,0.0,0.0,0.0,0.0,0.0,0.0,0.0,0.0,0.0,0.0,0.0,0.0,0.0,0.0,0.0,0.0,0.0,0.0,0.0,0.0,0.0,0.0,0.0,0.05310512027247338,0.015659824028471724,0.013986051933737248,0.0039071851154402,0.0,0.0,0.0,0.0,0.0,0.0,0.0,0.0,0.0,1.2967093075464282,0.2504476134423041,0.17300870273126456,0.1135214075579939,0.06307702585869597,0.011975233477115236,0.008401897060640994,0.0017461440521908053,0.0011237647863859834,0.00020600386884428792,0.0,0.0,0.0,0.0,0.0,0.0,0.0,0.0,0.0,0.0,0.0,0.0,0.0,0.0,0.0,0.0,0.0,0.0,0.0,0.0,0.0,0.0,0.0,0.0,0.0,0.0,0.0,0.0,0.0,0.0,0.0,0.0,0.0,0.0,0.0,0.0,0.0,0.0
198,Cu,ch3chcoo,5.93481697,0.04321697,4.10581,1,2,2,4,2,0,5.803998531974357,4.597253419369204,0.3113047104286076,3.826557078104816,3.753053387874896,3.744860544213401,3.6583340815596213,0.13432331188786836,0.12646099266283914,0.12158578388002272,0.1213268976315246,0.10989580862603976,0.03449488959448255,0.021698919107874637,0.008872377235630806,0.0,0.0,0.0,0.0,0.0,0.0,13.095359699578989,10.967329546006207,0.5932454993512557,0.5800911860764082,0.19534722336849106,0.03881369944676672,0.6184480874766554,0.5759224965885563,0.2062559303857293,0.17183750566992895,0.10594884816803862,0.08698528741980148,0.0751008400695733,0.06246916181045393,0.05608942075514891,0.04690764794402186,0.04241930840577266,0.03175739644195684,0.029031637176451106,0.018059230571315955,0.01314577911881663,0.01158403831758466,0.007940363916216598,0.007208191849858589,0.0058594417473549635,0.001464688444422442,0.0006053044480380868,0.0,0.0,0.0,0.0,0.0,0.0,0.0,0.0,0.0,0.0,0.0,0.0,0.0,0.0,0.0,0.0,0.0,0.0,0.0,0.0,0.0,0.0,0.0,0.0,0.0,0.0,0.0,0.0,0.0,0.0,0.0,0.0,0.0,0.0,0.0,0.0,0.0,0.0,0.0,0.0,0.0,0.0,0.0,0.0,0.0,0.0,0.0,0.0,0.0,0.0,0.0,0.07090770123662267,0.058195504982485886,0.015930663808490522,0.015420750058491906,0.0041409197340167144,0.002711635108018797,0.0026384686881833837,0.0,0.0,0.0,0.0,0.0,1.0066826394779536,1.2312637325696758,1.2278244806142844,0.9233351610728452,0.29749584606113944,0.21918466073449835,0.20298215790145566,0.07485326606359559,0.07391658465059314,0.0655120229745342,0.02929675752962175,0.02750202675142741,0.026498521364432218,0.02165751234650516,0.016710997590936454,0.016488510221113882,0.014722201233131813,0.01209282940140222,7.013254599042701e-05,0.0,0.0,0.0,0.0,0.0,0.0,0.0,0.0,0.0,0.0,0.0,0.0,0.0,0.0,0.0,0.0,0.0,0.0,0.0,0.0,0.0,0.0,0.0,0.0,0.0,0.0,0.0,0.0,0.0,0.0
199,Cu,ch3chcooh,5.93481697,0.04321697,4.10581,1,0,2,4,2,1,5.795777210187883,4.432663991685817,0.3229225846172213,3.7635811338405567,3.7480774336606153,3.7152029957191335,3.66844391432952,0.2483037382823109,0.1541033500740842,0.12244486864815413,0.11880322415155815,0.1185849691804485,0.11282374314541675,0.028535166423539718,0.028501266336821058,0.015121572456842316,0.008873932117344684,0.00497456813400516,0.0,0.0,0.0,14.424992659971744,10.455068156639244,0.6105637021326232,0.5505656728740704,0.2720858539525771,0.03925406325624036,0.7480492605335942,0.16798416615036132,0.15184963471266955,0.09489619557611606,0.08301717344353042,0.06502838774612921,0.06457710907189934,0.053253078097121744,0.04714717055861115,0.03790219344186618,0.03449757909598832,0.03053671034239373,0.021240630712221854,0.020869472427679208,0.018665463793030683,0.01235423125820203,0.011423960772508,0.0,0.0,0.0,0.0,0.0,0.0,0.0,0.0,0.0,0.0,0.0,0.0,0.0,0.0,0.0,0.0,0.0,0.0,0.0,0.0,0.0,0.0,0.0,0.0,0.0,0.0,0.0,0.0,0.0,0.0,0.0,0.0,0.0,0.0,0.0,0.0,0.0,0.0,0.0,0.0,0.0,0.0,0.0,0.0,0.0,0.0,0.0,0.0,0.0,0.0,0.0,0.0,0.0,0.0,0.0,8.81980713944894,0.1410804701641647,0.05775146300405803,0.052270717934166405,0.040751365203094775,0.019678612251633004,0.005160415357594929,0.0031841927923706445,0.0025620743278553827,0.0,0.0,0.0,1.088066186105079,1.1438506468884082,0.1136929536547604,0.10573500581632213,0.10533610062093612,0.048783291002519685,0.04808884083548413,0.042852440262330635,0.030163838066324538,0.019420902793255524,0.005604203096212825,0.004857877688050946,0.001869246500912719,0.0005248454702263018,0.0,0.0,0.0,0.0,0.0,0.0,0.0,0.0,0.0,0.0,0.0,0.0,0.0,0.0,0.0,0.0,0.0,0.0,0.0,0.0,0.0,0.0,0.0,0.0,0.0,0.0,0.0,0.0,0.0,0.0,0.0,0.0,0.0,0.0,0.0
200,Cu,chch,5.93481697,0.04321697,4.10581,2,0,1,2,0,0,7.230764000923974,0.0,0.0,3.761489980531192,3.759556495435554,0.12562713111571544,0.12556234458390794,0.0,0.0,0.0,0.0,0.0,0.0,0.0,0.0,0.0,0.0,0.0,0.0,0.0,0.0,0.0,0.0,0.0,0.0,0.0,0.0,0.9071673350316908,0.9021323724388499,0.7553595033812529,0.7546950977787529,0.7536399346926174,0.7429818561046807,0.08230095603269341,0.08196810582114494,0.05660149133198054,0.05369672872185947,0.03843236176496548,0.021356529260025216,0.020184730211915483,0.02012885171107401,0.007561098061601173,0.007083560115830761,0.0069397717232710645,0.006473492230135051,0.006155657456766595,0.005668154164537951,0.0056164977169377356,0.003188751050392052,0.0031681726150806465,0.002713846133651301,0.0024223156667468712,0.002045533515337293,0.001787607814129264,0.0,0.0,0.0,0.0,0.0,0.0,0.0,0.0,0.0,0.0,0.0,0.0,0.0,0.0,0.0,0.0,0.0,0.0,0.0,0.0,0.0,0.0,0.0,0.0,0.0,0.0,0.0,0.0,0.0,0.0,0.0,0.0,0.0,0.0,0.0,0.0,0.0,0.0,0.0,0.0,0.0,0.0,0.0,0.0,0.0,0.0,0.0,0.0,0.0,0.0,0.0,0.0,0.0,0.0,0.0,0.0,0.0,0.0,0.0,0.0,0.0,0.0,0.0,0.0,0.0,0.0,0.0,0.0,0.0,0.0,0.0,0.0,0.0,0.0,0.0,0.0,0.0,0.0,0.0,0.0,0.0,0.0,0.0,0.0,0.0,0.0,0.0,0.0,0.0,0.0,0.0,0.0,0.0,0.0,0.0,0.0,0.0,0.0,0.0,0.0,0.0,0.0,0.0,0.0,0.0,0.0
201,Cu,chchco,5.93481697,0.04321697,4.10581,3,0,2,2,1,0,7.261141436688693,5.290558680099101,0.3429764410051037,3.741936975825572,3.619483814486248,0.16409362862064494,0.1235973437655111,0.12157680876318493,0.009452902672927236,0.0,0.0,0.0,0.0,0.0,0.0,0.0,0.0,0.0,0.0,0.0,0.0,17.809597665026306,0.6100449244361016,0.05074107185087786,0.0,0.0,0.0,0.9685078998243518,0.7875391879333826,0.7702758005752809,0.6345875756571253,0.19199327359900786,0.1809435875682904,0.12201730632610415,0.11323794209979306,0.11204946590977448,0.0676746449393176,0.06615064056653941,0.057737376820967384,0.05021543833168587,0.0497120441318338,0.03942357562681875,0.030022996094055163,0.014068568523011237,0.012445431021788585,0.007446107337594823,0.007243987152244569,0.006520206462375597,0.004992533677519128,0.004991652407336376,0.004582405881747388,0.0039178495442371356,0.0018458290665548868,0.0017640802685164605,0.0013291723513142485,0.000821580947618257,0.0007213276462471815,0.00047637622957809317,0.0004717895479487977,2.8594805556288183e-05,0.0,0.0,0.0,0.0,0.0,0.0,0.0,0.0,0.0,0.0,0.0,0.0,0.0,0.0,0.0,0.0,0.0,0.0,0.0,0.0,0.0,0.0,0.0,0.0,0.0,0.0,0.0,0.0,0.0,0.0,0.0,0.0,0.0,0.0,0.0,0.0,0.0,0.0,0.0,0.06317116131943179,0.00040507203848239286,0.0,0.0,0.0,0.0,0.0,0.0,0.0,0.0,0.0,0.0,0.0,0.2382345086133357,0.03018201662849573,0.023484717319077645,0.014357749201984741,0.012195543579416877,0.0,0.0,0.0,0.0,0.0,0.0,0.0,0.0,0.0,0.0,0.0,0.0,0.0,0.0,0.0,0.0,0.0,0.0,0.0,0.0,0.0,0.0,0.0,0.0,0.0,0.0,0.0,0.0,0.0,0.0,0.0,0.0,0.0,0.0,0.0,0.0,0.0,0.0,0.0,0.0,0.0,0.0,0.0
202,Cu,chchcooh,5.93481697,0.04321697,4.10581,2,0,2,2,2,1,7.115872423536277,5.8572383640103975,0.3416846796424736,3.837444788250167,3.4016595246623,0.2444668122960217,0.1820158369549499,0.13489547975069965,0.12606406089441638,0.0158163219952158,0.010309559443302304,0.000455533801674467,0.0,0.0,0.0,0.0,0.0,0.0,0.0,0.0,0.0,15.359577328993199,10.347083689020929,0.6664909244714549,0.5437204720425599,0.1611442082171713,0.04769570817433643,0.8147688775470942,0.473374923837133,0.1110075284213731,0.11082758058076007,0.06932050440612622,0.04619387429471571,0.04306110383687483,0.04176532910217185,0.031749805506382685,0.017424057760511917,0.013363931242042444,0.01331646984614137,0.0118210167622395,0.007694714314457619,0.0064361650206752425,0.003146136959130668,0.0013998180002279296,6.525983834966206e-05,0.0,0.0,0.0,0.0,0.0,0.0,0.0,0.0,0.0,0.0,0.0,0.0,0.0,0.0,0.0,0.0,0.0,0.0,0.0,0.0,0.0,0.0,0.0,0.0,0.0,0.0,0.0,0.0,0.0,0.0,0.0,0.0,0.0,0.0,0.0,0.0,0.0,0.0,0.0,0.0,0.0,0.0,0.0,0.0,0.0,0.0,0.0,0.0,0.0,0.0,0.0,0.0,0.0,0.0,8.859042337588843,0.1366823944992229,0.09138691874436156,0.015603477790257038,0.0026541672700638517,0.0009785440979856632,0.0,0.0,0.0,0.0,0.0,0.0,1.0909776260231872,1.2015359257439808,0.0767875373045336,0.07408960719352906,0.008129296247078656,0.0025838833526873922,0.0025609793098311066,0.0007903795916942569,0.0,0.0,0.0,0.0,0.0,0.0,0.0,0.0,0.0,0.0,0.0,0.0,0.0,0.0,0.0,0.0,0.0,0.0,0.0,0.0,0.0,0.0,0.0,0.0,0.0,0.0,0.0,0.0,0.0,0.0,0.0,0.0,0.0,0.0,0.0,0.0,0.0,0.0,0.0,0.0,0.0
203,Cu,co,5.93481697,0.04321697,4.10581,1,0,0,0,1,0,0.0,0.0,0.0,0.0,0.0,0.0,0.0,0.0,0.0,0.0,0.0,0.0,0.0,0.0,0.0,0.0,0.0,0.0,0.0,0.0,0.0,20.788045791952676,0.0,0.0,0.0,0.0,0.0,0.8819332483938261,0.8787731838393452,0.8711415370878838,0.06105553561703684,0.060667572932463734,0.06008159318833465,0.020939840219563983,0.02072544165388794,0.02062871988502628,0.007762869155976101,0.007690159298441853,0.007653652634385171,0.007357207493308259,0.007295120686220503,0.0,0.0,0.0,0.0,0.0,0.0,0.0,0.0,0.0,0.0,0.0,0.0,0.0,0.0,0.0,0.0,0.0,0.0,0.0,0.0,0.0,0.0,0.0,0.0,0.0,0.0,0.0,0.0,0.0,0.0,0.0,0.0,0.0,0.0,0.0,0.0,0.0,0.0,0.0,0.0,0.0,0.0,0.0,0.0,0.0,0.0,0.0,0.0,0.0,0.0,0.0,0.0,0.0,0.0,0.0,0.0,0.0,0.0,0.0,0.0,0.0,0.0,0.0,0.0,0.0,0.0,0.0,0.0,0.0,0.0,0.0,0.15927021994504814,0.1585111524131774,0.1581689415597029,0.01856103173343655,0.01855611049088697,0.01817754064756698,0.0,0.0,0.0,0.0,0.0,0.0,0.0,0.0,0.0,0.0,0.0,0.0,0.0,0.0,0.0,0.0,0.0,0.0,0.0,0.0,0.0,0.0,0.0,0.0,0.0,0.0,0.0,0.0,0.0,0.0,0.0,0.0,0.0,0.0,0.0,0.0,0.0,0.0,0.0,0.0,0.0,0.0
204,Cu,co2,5.93481697,0.04321697,4.10581,0,0,0,0,2,0,0.0,0.0,0.0,0.0,0.0,0.0,0.0,0.0,0.0,0.0,0.0,0.0,0.0,0.0,0.0,0.0,0.0,0.0,0.0,0.0,0.0,21.342151883303238,21.339227000744113,0.0,0.0,0.0,0.0,0.013412339683616823,0.010935545729056063,0.003387165385312345,0.0,0.0,0.0,0.0,0.0,0.0,0.0,0.0,0.0,0.0,0.0,0.0,0.0,0.0,0.0,0.0,0.0,0.0,0.0,0.0,0.0,0.0,0.0,0.0,0.0,0.0,0.0,0.0,0.0,0.0,0.0,0.0,0.0,0.0,0.0,0.0,0.0,0.0,0.0,0.0,0.0,0.0,0.0,0.0,0.0,0.0,0.0,0.0,0.0,0.0,0.0,0.0,0.0,0.0,0.0,0.0,0.0,0.0,0.0,0.0,0.0,0.0,0.0,0.0,0.0,0.0,0.0,0.0,0.0,0.0,0.0,0.0,0.0,0.0,0.0,0.0,0.0,0.0,0.0,0.0,0.0,0.8555969079772348,0.02222713128564734,0.017626208700008087,0.013791725139029352,0.008619787945596483,0.007072994941432722,0.006839661510448354,0.0,0.0,0.0,0.0,0.0,0.0,0.0,0.0,0.0,0.0,0.0,0.0,0.0,0.0,0.0,0.0,0.0,0.0,0.0,0.0,0.0,0.0,0.0,0.0,0.0,0.0,0.0,0.0,0.0,0.0,0.0,0.0,0.0,0.0,0.0,0.0,0.0,0.0,0.0,0.0,0.0,0.0
205,Cu,cooh,5.93481697,0.04321697,4.10581,1,0,0,0,2,1,0.0,0.0,0.0,0.24022986888783576,0.0,0.0,0.0,0.0,0.0,0.0,0.0,0.0,0.0,0.0,0.0,0.0,0.0,0.0,0.0,0.0,0.0,15.038999805357435,10.87547377108884,0.0,0.0,0.0,0.0,1.1262479619452577,0.21963526607832445,0.1352865767818744,0.08729282468378463,0.047925322071625184,0.02333129606881934,0.010992358223208546,0.006013220514480791,0.005472513138212264,3.36372564120023e-05,0.0,0.0,0.0,0.0,0.0,0.0,0.0,0.0,0.0,0.0,0.0,0.0,0.0,0.0,0.0,0.0,0.0,0.0,0.0,0.0,0.0,0.0,0.0,0.0,0.0,0.0,0.0,0.0,0.0,0.0,0.0,0.0,0.0,0.0,0.0,0.0,0.0,0.0,0.0,0.0,0.0,0.0,0.0,0.0,0.0,0.0,0.0,0.0,0.0,0.0,0.0,0.0,0.0,0.0,0.0,0.0,0.0,0.0,0.0,0.0,0.0,0.0,8.443952568302096,0.13636737295780485,0.0,0.0,0.0,0.0,0.0,0.0,0.0,0.0,0.0,0.0,1.1200712571555853,0.9945201205418148,0.2256319883579417,0.18702721702979236,0.1263154594331393,0.10128842846169156,0.05002843380837445,0.033360154342350595,0.027593698876203724,0.023909642314179514,0.018790539872284105,0.010226477614266514,0.007744646772762127,0.00250112769199691,0.0024363687179144553,0.0,0.0,0.0,0.0,0.0,0.0,0.0,0.0,0.0,0.0,0.0,0.0,0.0,0.0,0.0,0.0,0.0,0.0,0.0,0.0,0.0,0.0,0.0,0.0,0.0,0.0,0.0,0.0,0.0,0.0,0.0,0.0,0.0,0.0
206,Cu,h2o,5.93481697,0.04321697,4.10581,0,0,0,0,0,2,0.0,0.0,0.0,0.0,0.0,0.0,0.0,0.0,0.0,0.0,0.0,0.0,0.0,0.0,0.0,0.0,0.0,0.0,0.0,0.0,0.0,0.0,0.0,0.0,0.0,0.0,0.0,0.0,0.0,0.0,0.0,0.0,0.0,0.0,0.0,0.0,0.0,0.0,0.0,0.0,0.0,0.0,0.0,0.0,0.0,0.0,0.0,0.0,0.0,0.0,0.0,0.0,0.0,0.0,0.0,0.0,0.0,0.0,0.0,0.0,0.0,0.0,0.0,0.0,0.0,0.0,0.0,0.0,0.0,0.0,0.0,0.0,0.0,0.0,0.0,0.0,0.0,0.0,0.0,0.0,0.0,0.0,0.0,0.0,0.0,0.0,0.0,0.0,0.0,0.0,0.0,0.0,0.0,0.0,0.0,0.0,0.0,0.0,0.0,8.965936641292679,8.962387460495332,0.0,0.0,0.0,0.0,0.0,0.0,0.0,0.0,0.0,0.0,0.0,0.6061370184266927,0.06077968730857625,0.055937831474367095,0.05536345449086083,0.04871597141222793,0.04828157116595422,0.0,0.0,0.0,0.0,0.0,0.0,0.0,0.0,0.0,0.0,0.0,0.0,0.0,0.0,0.0,0.0,0.0,0.0,0.0,0.0,0.0,0.0,0.0,0.0,0.0,0.0,0.0,0.0,0.0,0.0,0.0,0.0,0.0,0.0,0.0,0.0,0.0,0.0,0.0,0.0,0.0,0.0
207,Cu,oh,5.93481697,0.04321697,4.10581,0,1,0,0,0,1,0.0,0.0,0.0,0.0,0.0,0.0,0.0,0.0,0.0,0.0,0.0,0.0,0.0,0.0,0.0,0.0,0.0,0.0,0.0,0.0,0.0,0.0,0.0,0.0,0.0,0.0,0.0,0.0,0.0,0.0,0.0,0.0,0.0,0.0,0.0,0.0,0.0,0.0,0.0,0.0,0.0,0.0,0.0,0.0,0.0,0.0,0.0,0.0,0.0,0.0,0.0,0.0,0.0,0.0,0.0,0.0,0.0,0.0,0.0,0.0,0.0,0.0,0.0,0.0,0.0,0.0,0.0,0.0,0.0,0.0,0.0,0.0,0.0,0.0,0.0,0.0,0.0,0.0,0.0,0.0,0.0,0.0,0.0,0.0,0.0,0.0,0.0,0.0,0.0,0.0,0.0,0.0,0.0,0.0,0.0,0.0,0.0,0.0,0.0,9.159824772114234,0.0,0.0,0.0,0.0,0.0,0.0,0.0,0.0,0.0,0.0,0.0,0.0,1.2350235741363151,1.2323743905137214,1.2293288200062702,0.08869789767734894,0.08836712289139538,0.08451969825866416,0.039988329821875536,0.03987311929702907,0.0393204670276316,0.0117480978633635,0.010568976187595041,0.010510468625048829,0.0005289817925453293,0.00022034686701111889,0.00015871830367860176,0.0,0.0,0.0,0.0,0.0,0.0,0.0,0.0,0.0,0.0,0.0,0.0,0.0,0.0,0.0,0.0,0.0,0.0,0.0,0.0,0.0,0.0,0.0,0.0,0.0,0.0,0.0,0.0,0.0,0.0,0.0,0.0,0.0
